25

844 147
0 35
1 65
1 133
1 57
1 145
1 103
1 6
0 122
0 46
0 146
0 102
1 5
0 101
0 47
0 6
1 136
0 44
1 68
1 38
1 39
1 78
1 18
0 16
0 5
0 62
1 82
1 2
0 7
0 11
1 80
0 11
1 63
0 10
0 86
1 130
0 48
1 103
0 14
0 138
0 61
0 18
0 108
0 95
1 51
1 57
0 0
0 8
1 105
1 83
1 82
0 7
1 11
1 49
1 105
1 11
1 73
1 46
1 2
0 104
1 107
0 101
0 136
1 51
0 99
0 108
0 132
0 28
1 104
1 106
0 35
1 27
0 107
0 15
0 87
1 66
0 62
0 144
0 143
0 69
1 88
1 124
1 125
1 49
0 103
0 102
1 131
0 17
0 135
1 84
0 102
0 142
0 5
0 129
1 102
0 147
0 116
0 38
0 33
0 105
0 82
1 68
1 41
0 2
1 22
1 94
0 140
1 139
0 138
0 50
0 8
0 113
1 32
1 114
1 86
0 61
0 21
0 77
0 5
0 112
0 142
1 24
0 99
1 71
1 19
0 3
0 60
0 130
0 4
0 96
0 126
0 142
0 31
0 29
1 124
1 145
0 20
0 83
1 20
1 59
1 27
1 100
1 113
0 144
1 134
0 93
1 34
1 13
1 2
1 11
1 142
0 95
0 94
1 12
0 4
1 113
0 97
1 32
0 33
0 134
0 140
1 9
0 14
1 21
0 59
1 100
1 31
0 135
0 108
0 13
1 38
1 142
1 36
1 53
0 45
0 51
0 10
0 64
0 14
0 73
0 125
0 50
1 118
1 39
1 21
1 44
1 39
0 25
0 9
0 34
1 60
1 115
1 22
0 140
1 125
0 65
1 83
1 29
0 95
1 141
0 118
0 89
0 59
0 86
1 20
1 92
1 126
1 125
0 87
1 9
0 14
0 24
1 23
1 32
1 27
0 111
0 110
0 104
1 44
0 128
1 58
1 139
1 69
1 58
0 58
0 24
0 25
0 137
0 72
0 69
0 30
1 96
1 38
0 88
1 96
1 116
1 19
1 63
1 39
0 13
0 42
0 40
1 140
0 104
1 11
0 135
1 67
0 50
0 73
1 34
1 20
0 95
1 26
1 114
1 128
1 12
0 143
1 104
1 131
0 44
1 21
0 121
1 130
0 71
0 139
1 141
0 129
0 69
0 145
0 38
1 105
0 133
1 48
0 47
1 29
0 129
1 1
1 13
0 133
0 39
1 75
1 66
1 56
0 89
0 118
1 25
1 18
0 15
0 90
1 83
0 21
0 86
0 41
1 51
1 16
0 108
0 55
0 133
1 95
1 103
1 31
1 141
1 28
1 47
0 2
1 123
0 99
0 66
1 90
1 94
1 138
0 51
0 42
1 103
1 83
1 142
1 30
1 19
1 128
0 86
0 127
1 54
0 17
1 105
0 83
1 37
1 53
0 128
1 129
0 129
0 127
1 29
0 29
0 90
1 29
0 37
1 30
0 131
1 86
1 88
1 70
0 60
1 42
1 117
0 28
1 102
0 84
0 102
1 137
1 76
1 51
1 90
1 80
1 138
1 8
0 123
0 51
0 68
1 125
1 82
0 44
0 74
1 55
0 79
0 40
1 129
0 51
0 85
1 124
1 90
0 89
0 113
0 107
0 36
1 95
1 12
1 134
0 88
1 90
0 71
1 26
0 97
0 5
0 52
1 34
1 12
1 135
1 43
1 36
1 21
0 39
0 2
1 51
0 31
1 138
1 50
1 144
1 89
1 57
0 115
0 42
0 44
1 116
1 60
1 32
0 62
1 18
0 30
0 17
1 59
0 30
1 97
1 106
1 108
1 138
1 59
0 56
0 95
0 105
1 106
1 39
1 82
0 51
1 4
1 130
1 64
0 105
1 45
0 119
1 26
1 32
0 68
1 59
0 111
1 117
1 48
1 38
1 7
1 45
0 137
0 58
1 123
0 41
1 44
0 60
1 110
0 27
1 75
1 74
0 132
1 45
0 21
1 49
0 38
0 59
1 137
0 139
1 81
0 39
1 72
0 88
0 140
1 29
0 97
0 57
1 81
1 132
0 116
1 89
1 22
0 96
1 80
0 139
0 65
0 13
1 18
1 92
1 111
1 74
1 115
1 71
1 62
0 65
1 123
1 70
1 56
0 56
0 131
0 26
0 91
0 10
0 96
1 84
1 19
1 0
1 72
0 43
1 64
0 0
0 142
1 134
0 143
0 1
0 29
0 74
1 85
0 62
1 53
1 21
0 62
0 107
1 96
0 17
0 141
0 1
0 68
1 122
0 111
1 129
1 103
0 126
1 84
0 143
0 12
0 79
0 125
0 63
1 49
1 87
1 37
0 21
0 99
0 97
1 93
1 141
1 49
0 45
1 93
0 138
1 29
1 16
1 101
1 112
0 91
0 81
0 64
0 141
0 62
1 112
0 37
0 116
1 107
1 3
0 31
1 1
1 9
1 90
1 116
1 19
0 33
1 116
0 100
1 36
0 9
1 98
1 125
0 116
0 103
0 20
0 41
0 3
1 43
1 106
1 54
0 49
1 110
0 8
1 111
0 29
1 32
1 53
1 113
0 64
1 111
1 5
1 56
0 79
1 40
0 11
1 67
0 144
0 81
0 106
0 41
0 126
1 135
1 124
0 101
1 74
1 88
0 75
1 51
1 26
0 81
0 30
0 31
1 33
1 65
0 69
1 87
1 83
1 64
0 79
0 116
0 38
0 45
0 30
1 61
1 55
1 139
0 50
0 34
0 100
0 126
1 22
1 49
1 126
0 4
0 117
1 44
0 119
0 58
1 0
1 97
0 4
1 81
0 66
0 68
0 31
0 70
1 23
1 98
0 131
0 0
1 77
1 3
1 25
0 130
0 141
0 39
1 43
1 40
1 52
1 41
0 2
1 42
1 48
0 101
1 43
1 78
0 2
1 40
1 132
1 92
1 4
1 84
1 36
1 138
1 25
1 11
0 5
1 72
1 81
0 49
1 112
1 142
0 66
1 3
1 124
0 125
1 46
0 95
0 99
0 64
0 77
0 32
0 67
1 132
0 141
1 140
0 3
0 136
0 144
0 100
1 108
1 65
0 108
0 108
0 75
0 8
0 51
1 82
1 10
0 18
0 85
0 19
1 147
1 8
1 9
0 133
0 69
1 53
0 106
0 67
0 69
1 123
1 103
0 104
1 57
1 40
0 27
1 142
1 111
1 96
0 85
1 73
0 101
0 111
1 40
1 55
0 46
0 111
1 8
1 28
1 134
1 136
1 24
1 69
0 17
1 36
1 102
0 100
1 90
1 99
1 66
0 53
1 10
0 21
1 31
1 40
1 3
1 116
0 83
0 35
1 139
0 31
1 6
0 52
1 132
0 126
0 140
0 55
1 79
0 53
1 131
0 68
0 36
1 21
1 132
0 61
0 105
0 1
1 69
0 127
1 51
1 81
0 93
1 16
0 80
1 30
0 133
1 106
1 18
0 33
0 102
0 88
0 14
1 40
1 7
1 78
1 4
1 137
0 1
0 73
1 116
0 79
1 55
0 122
0 85
0 17
1 53
0 12
0 126
0 23
1 147
0 91
1 140
0 124
1 86
1 145
0 76
1 107
0 141
1 82
1 52
0 4
0 87
0 124
1 24
1 34
0 90
1 122
1 64
0 4
0 10
1 140
0 83
1 143
0 96
1 90
0 71
1 50
0 50
1 138
1 137
0 118
0 68
0 136
0 131
1 70
1 29
0 118
1 53
0 75
0 95
0
0
0
0
3
0
4
4
5
8
1
7
9
7
3
12
9
7
11
15
12
8
2
3
14
6
11
15
25
21
2
6
18
14
29
7
22
23
15
21
20
7
38
17
15
37
20
34
8
33
29
5
5
36
21
46
48
11
3
33
31
56
55
46
38
63
18
55
29
6
41
32
51
39
40
34
22
11
68
23
74
70
66
20
64
44
19
83
72
59
4
19
43
73
46
82
26
22
75
9
74
46
72
49
71
68
59
73
45
21
104
27
47
18
9
101
106
92
65
14
13
48
74
2
85
90
17
115
29
13
46
102
104
39
16
50
86
53
117
116
31
25
44
25
127
85
34

611 146
1 95
0 66
0 132
1 80
1 13
1 16
1 94
1 23
0 145
1 128
1 28
0 118
1 94
0 114
1 27
1 130
1 91
0 84
1 34
0 3
0 39
1 14
1 128
1 40
1 116
1 71
1 130
0 39
0 103
0 17
0 30
0 73
1 141
1 133
0 106
1 90
1 79
0 140
0 127
1 6
1 26
1 94
1 135
0 87
1 83
0 26
0 29
1 120
1 113
0 70
0 81
1 128
1 1
0 28
1 13
1 53
1 29
0 38
1 94
1 50
1 108
1 119
0 104
1 145
1 27
1 16
0 84
1 63
0 60
1 11
0 128
1 56
0 89
1 18
1 89
0 16
0 66
0 115
1 30
0 96
1 50
1 33
0 130
1 10
0 117
0 131
1 112
1 20
1 4
1 74
0 94
0 121
1 114
1 16
0 97
1 110
0 39
1 146
0 109
1 117
0 54
1 1
0 41
1 135
1 122
1 106
0 133
0 38
1 145
1 144
1 19
1 127
1 65
1 69
1 91
0 57
0 90
1 25
1 69
1 30
0 130
1 106
1 18
0 47
1 22
1 124
0 94
1 55
0 67
1 97
1 3
0 46
1 1
0 133
1 99
0 54
0 107
1 67
0 81
0 70
1 8
1 18
0 62
0 121
0 35
1 100
1 116
1 143
1 72
0 133
0 9
1 99
1 71
1 129
0 88
1 42
0 142
0 17
1 25
1 57
0 110
0 65
1 40
0 131
1 113
0 74
1 24
0 19
0 30
1 11
0 4
0 42
1 7
0 24
1 94
0 51
1 86
0 73
1 17
0 15
0 126
1 126
1 83
0 28
0 63
1 82
0 10
0 16
0 66
0 98
0 60
0 15
0 25
0 75
1 55
1 126
0 103
1 33
1 86
1 143
0 56
0 84
1 90
0 21
0 33
0 59
0 100
1 45
0 0
0 28
0 77
1 101
0 97
0 25
1 23
1 43
1 133
0 115
1 112
1 28
0 145
1 93
1 74
1 97
0 142
1 117
0 66
0 34
1 43
0 116
1 96
0 135
0 87
0 57
0 3
0 99
0 11
0 136
0 138
0 67
1 56
0 47
0 33
1 67
1 63
1 95
0 139
1 104
1 142
1 39
1 94
0 3
0 120
1 111
0 46
0 11
1 105
1 39
0 91
1 27
1 2
0 81
1 80
0 99
0 132
0 4
0 44
1 139
1 21
0 142
0 21
1 79
1 17
1 11
1 136
1 61
0 77
0 87
1 97
1 70
0 0
1 56
0 107
0 83
0 92
0 71
0 108
1 105
1 14
1 124
1 110
1 21
1 91
0 123
0 15
0 70
0 145
1 31
0 121
0 131
0 122
0 125
0 100
0 32
0 69
1 117
0 65
1 120
0 101
0 141
0 81
0 29
1 81
1 55
1 120
1 38
1 83
1 41
0 68
0 99
1 27
0 143
1 48
1 122
1 126
1 9
0 118
1 95
0 138
0 102
1 8
0 114
0 56
1 84
0 104
1 89
1 13
0 127
0 138
0 74
1 17
1 123
1 73
1 100
1 71
0 69
0 109
1 92
1 1
1 4
0 7
1 36
1 141
0 51
0 42
1 96
0 119
0 41
1 65
0 143
0 65
0 6
1 0
0 20
1 73
0 8
0 94
0 5
0 87
0 96
0 121
0 111
1 28
1 140
1 139
0 60
0 93
1 92
1 26
1 59
1 128
1 111
0 31
1 17
0 134
0 99
0 67
1 127
0 112
0 134
0 123
0 145
1 79
1 79
1 47
1 138
0 104
1 36
0 27
1 50
0 78
0 137
0 6
1 14
1 15
1 133
1 54
1 50
0 107
1 59
0 26
0 133
0 67
1 9
1 27
1 65
1 47
1 122
1 42
1 38
0 24
0 68
1 64
0 7
1 66
0 127
1 80
0 33
1 16
0 130
0 27
0 96
0 17
1 71
0 34
0 75
1 22
1 52
0 105
1 74
1 115
1 59
0 2
0 102
1 138
0 138
0 12
1 28
0 107
1 26
1 44
0 39
1 52
0 130
0 47
1 96
0 99
0 62
1 56
0 45
1 38
0 56
0 73
0 97
1 96
1 129
1 64
1 113
0 6
1 62
1 128
1 140
1 98
1 138
1 35
0 116
0 72
0 121
1 136
1 137
1 94
0 11
0 90
1 18
0 59
0 71
1 70
0 38
0 58
0 101
1 24
0 51
1 28
1 53
0 106
1 18
0 119
0 117
1 75
0 83
0 72
1 88
0 131
0 8
1 68
0 50
1 94
0 136
0 70
0 116
0 105
1 124
1 80
0 58
1 118
0 84
1 32
0 126
0 143
0 19
1 114
1 38
1 49
0 76
0 20
0 135
1 64
0 32
0 67
1 113
1 110
0 140
1 41
0 144
1 25
1 138
0 19
1 125
1 107
0 91
0 131
1 24
0 1
1 17
1 49
0 72
1 28
1 140
1 6
1 48
1 43
1 142
0 14
1 82
0 26
1 5
1 57
1 143
0 56
1 23
0 55
1 84
0 22
0 27
0 135
1 30
0 126
0 94
0 62
0 93
1 25
1 16
0 142
1 103
1 78
0 26
1 113
1 71
1 144
1 96
0 92
0 88
1 102
0 89
1 54
0 131
0 135
1 6
1 12
0 45
1 20
1 144
1 55
0 65
1 32
1 26
1 68
1 136
1 21
0 78
0 138
1 21
0 92
0 3
0 28
0 20
1 84
1 8
1 3
0 35
1 9
0
0
1
1
2
3
4
1
3
2
2
10
8
8
6
3
12
12
17
8
7
8
20
18
19
5
2
10
11
22
7
1
7
3
31
6
21
1
33
33
23
21
0
2
7
27
17
44
9
24
25
33
31
36
31
25
52
48
33
12
9
42
23
38
42
3
25
61
66
56
59
56
5
11
27
48
51
50
38
50
66
4
41
20
24
34
78
21
80
24
29
68
76
65
32
18
72
33
15
88
84
89
41
41
97
92
56
74
69
48
17
30
102
108
64
42
52
40
62
34
30
3
108
116
20
56
14
81
50
8
26
79
30
78
115
83
54
77
69
86
80
140
139
49
38
113

80 88
0 27
0 41
0 65
1 15
1 31
0 41
0 30
1 37
1 32
0 54
1 62
0 76
1 49
0 40
0 14
0 78
0 63
0 87
1 56
0 67
1 32
0 4
1 85
1 77
0 75
0 72
1 40
0 84
0 25
0 7
0 39
1 58
1 0
1 1
0 50
1 17
0 83
1 40
0 15
1 62
0 43
0 19
1 30
1 29
1 48
0 80
0 45
0 18
0 27
1 57
1 47
1 68
0 30
0 28
1 66
0 57
0 32
0 49
1 16
1 18
1 41
0 41
0 83
1 55
0 27
0 70
0 85
0 65
0 68
1 66
1 24
0 52
0 68
1 25
0 86
0 52
0 25
0 36
0 19
0 56
0
0
1
2
3
0
1
4
4
7
9
5
1
2
6
7
12
16
10
12
13
15
21
17
14
18
18
20
22
8
2
23
19
8
2
34
23
22
32
36
23
36
20
15
8
35
21
37
5
11
13
46
43
50
47
23
5
16
1
14
11
33
12
31
29
5
2
44
18
10
38
68
36
70
36
2
63
54
50
42
35
4
21
67
11
15
4
69

274 124
1 90
1 106
1 77
0 65
0 48
0 93
1 1
1 61
1 74
0 13
0 49
1 100
0 6
0 46
1 28
0 120
0 37
1 83
1 30
1 21
1 40
1 44
1 109
1 8
1 7
0 110
1 61
1 79
1 120
1 38
1 64
0 75
1 94
0 50
1 111
1 82
1 49
1 13
0 117
0 40
0 14
1 123
1 9
0 30
1 44
0 33
0 87
0 33
0 41
0 102
1 28
0 119
1 100
1 41
0 124
1 61
1 54
1 26
0 123
0 96
0 32
1 31
0 60
1 77
1 100
1 80
0 95
1 107
0 48
0 14
1 9
1 6
0 62
1 115
0 85
1 26
1 2
0 67
0 0
0 40
1 29
0 77
0 18
0 50
1 95
1 3
0 67
1 65
1 98
1 94
0 63
0 9
0 29
0 40
0 84
0 78
1 85
1 22
1 60
1 52
1 7
0 104
0 73
0 51
1 57
1 46
1 20
1 111
1 46
0 33
0 58
0 115
0 120
1 57
1 9
0 90
1 34
1 14
0 81
1 121
1 58
1 61
1 91
0 124
1 70
1 101
0 69
1 28
0 60
0 42
0 2
0 105
1 120
1 96
1 41
1 49
1 86
0 71
1 103
0 49
1 73
1 32
1 103
0 43
1 57
1 97
1 54
0 46
0 70
0 82
1 107
0 2
1 46
0 119
0 99
0 10
1 106
1 92
1 1
1 46
0 123
1 17
1 62
1 74
1 9
1 29
1 57
1 110
0 0
1 106
1 33
1 83
1 13
0 44
1 118
0 100
0 45
1 19
1 95
1 10
0 43
0 67
0 23
1 114
0 103
0 35
0 56
0 56
1 90
1 114
1 4
1 63
1 100
1 8
1 29
1 89
1 117
0 110
0 75
0 61
1 45
0 55
0 10
1 10
1 55
0 24
0 34
1 107
0 19
0 52
1 65
1 71
0 109
0 45
1 116
0 41
0 118
0 93
1 97
0 64
0 15
0 40
0 107
1 55
0 52
0 52
1 97
1 40
0 33
1 77
1 75
1 12
1 23
0 64
1 110
1 77
1 102
1 22
0 26
0 52
0 107
1 61
0 118
0 10
1 82
0 124
0 7
0 96
0 64
0 9
0 4
0 53
1 104
1 58
1 68
1 70
0 17
1 66
0 39
0 68
0 102
1 22
1 8
0 120
0 39
0 1
1 68
0 109
0 55
1 12
0 58
1 11
0 35
0 93
0
0
1
1
1
2
5
4
0
3
4
4
11
1
4
9
1
15
8
13
12
5
15
9
6
15
17
24
3
13
9
24
4
8
21
23
9
22
1
32
28
30
37
31
43
1
15
8
24
9
37
12
48
43
29
5
13
1
17
12
54
12
50
59
44
10
40
27
44
4
65
63
51
61
20
59
46
65
70
70
33
40
61
15
62
84
27
22
28
85
11
50
57
54
42
70
6
64
2
51
53
60
13
18
43
4
1
99
58
46
60
54
51
14
92
53
86
42
31
104
55
113
65
78

376 15
1 10
0 4
0 15
0 7
0 9
1 3
0 10
1 8
0 8
0 6
1 4
0 12
1 6
0 11
0 5
1 6
1 13
0 6
1 7
1 8
1 2
1 14
0 14
0 14
0 3
1 1
0 0
0 2
0 12
1 3
1 15
0 7
1 3
0 6
1 1
0 14
1 6
1 14
1 13
0 8
0 13
1 11
1 15
0 10
1 8
1 13
0 10
1 6
0 10
1 1
0 5
1 10
1 3
0 10
1 2
0 9
0 13
0 5
1 6
1 14
1 12
1 11
1 0
1 2
0 7
0 11
1 11
0 11
0 15
1 0
0 8
0 1
1 12
0 12
0 9
0 12
0 13
1 12
1 14
1 1
1 10
1 1
0 6
1 7
0 15
1 7
1 8
0 15
0 1
0 11
1 13
0 11
1 8
0 12
1 9
1 0
1 3
1 14
0 5
1 4
0 7
0 3
1 13
0 2
1 15
1 1
0 1
0 4
1 0
0 0
1 13
1 8
0 2
0 5
0 15
0 2
1 6
0 12
0 6
1 11
1 7
0 11
0 11
1 11
1 15
1 15
0 12
0 12
0 10
1 2
1 12
1 0
0 12
1 3
1 10
1 11
0 14
0 5
1 0
0 3
1 11
1 15
1 12
1 12
0 10
0 8
1 15
0 8
1 13
1 1
1 13
1 10
1 14
1 10
1 8
1 11
1 7
0 11
1 7
0 9
1 9
0 11
1 9
1 12
1 6
0 6
1 14
1 4
1 11
1 3
0 0
1 0
0 7
0 2
1 2
1 9
1 1
0 13
1 1
1 7
0 5
1 13
0 13
1 4
1 10
0 11
1 6
0 13
0 0
1 14
0 2
1 9
0 13
1 0
0 2
1 13
1 1
0 12
0 6
1 5
1 10
0 7
0 10
1 3
1 1
1 3
0 7
1 15
1 11
1 7
0 8
0 14
0 1
1 3
1 8
0 0
1 13
0 8
1 9
1 13
1 8
0 13
1 0
1 6
1 3
1 14
1 11
1 12
0 3
0 2
0 11
0 1
0 3
0 11
1 13
1 9
1 4
0 2
1 3
0 11
0 15
1 11
1 6
0 3
0 2
0 7
0 0
1 0
1 8
0 13
0 11
1 3
0 3
0 12
1 14
0 4
0 6
0 14
0 13
0 5
0 2
0 4
0 9
0 10
1 13
0 0
1 4
0 6
0 4
1 7
1 14
0 4
0 11
0 9
0 3
0 6
1 15
1 5
1 9
1 6
0 3
1 14
0 12
0 1
1 11
1 13
0 0
0 12
1 15
0 13
1 9
0 4
0 4
1 7
0 3
0 0
1 13
0 13
1 12
0 8
0 0
0 8
1 15
1 8
0 2
1 14
0 4
1 6
0 9
1 11
1 15
0 3
1 2
0 8
0 14
1 11
0 9
0 9
0 7
1 5
1 2
1 10
1 15
0 14
1 11
0 9
1 14
1 12
0 11
0 5
0 11
1 0
0 15
1 8
0 4
0 10
0 8
1 1
1 4
1 5
1 13
1 8
0 9
1 5
1 11
1 5
1 10
0 8
0 7
0 11
1 8
1 2
1 7
1 8
0 11
1 11
0 5
1 14
0 8
0 15
0 12
1 0
0 7
1 10
1 2
1 11
1 10
1 7
0 9
1 8
0 13
0 12
1 10
0 2
1 14
1 6
0
0
0
1
0
4
1
4
4
2
8
5
1
11
5

17 85
0 21
1 25
0 75
1 52
1 3
0 15
0 77
1 25
0 25
1 22
0 17
0 46
1 7
0 33
1 9
0 0
1 58
0
0
1
1
3
2
2
6
6
4
9
5
2
5
3
0
4
7
15
17
9
20
1
5
13
24
1
7
16
20
29
24
3
16
8
12
4
27
35
22
38
18
36
26
22
43
33
30
26
43
29
27
41
5
16
28
11
52
35
36
19
5
4
41
39
14
16
50
14
29
45
16
33
58
33
32
74
28
75
70
22
73
45
76
1

62 13
1 1
1 1
1 7
1 6
0 8
1 12
1 6
1 7
1 12
0 6
1 13
1 13
1 10
1 1
0 6
1 13
1 11
0 2
0 2
1 6
1 2
0 13
1 3
1 1
0 7
0 7
0 11
1 9
0 4
0 10
0 9
1 8
0 12
0 3
0 13
1 0
0 6
1 13
1 7
1 5
0 8
0 6
1 9
0 7
0 1
0 9
0 2
0 4
0 4
1 11
1 2
1 2
1 10
0 3
0 11
1 5
1 4
0 8
1 2
1 11
1 4
0 7
0
0
0
0
0
4
5
3
1
0
2
4
2

491 68
0 38
0 27
1 40
0 47
1 34
0 14
1 16
1 43
0 57
1 68
0 47
0 65
0 40
0 54
0 45
1 26
0 34
1 20
1 4
0 57
0 35
1 53
1 47
1 35
0 57
0 21
0 10
1 55
1 4
1 56
1 1
1 57
0 66
1 59
0 29
1 27
0 13
1 42
1 66
1 12
1 36
0 22
0 19
0 17
0 66
1 20
1 43
0 27
0 11
0 26
1 46
0 12
0 59
1 48
1 58
1 3
0 43
0 25
1 23
1 68
1 36
0 7
0 61
1 21
1 37
0 23
1 51
0 17
1 63
1 26
1 24
0 46
1 68
0 13
1 24
1 43
0 56
0 36
0 30
0 29
0 65
1 46
0 45
0 17
0 5
1 49
1 48
0 38
0 16
1 9
0 36
1 3
0 0
1 62
0 66
0 2
1 44
0 24
0 46
1 53
1 21
1 55
0 23
0 33
1 38
1 68
1 52
1 59
0 62
1 11
0 27
1 29
0 24
1 20
1 33
1 13
0 26
1 42
0 43
0 39
1 59
1 7
1 6
0 53
1 59
0 2
0 37
1 48
0 41
0 8
1 53
1 61
1 15
0 28
1 18
0 13
1 41
1 60
1 53
1 51
1 40
0 58
0 68
1 50
1 16
1 16
0 27
0 59
1 34
1 45
1 58
1 16
0 49
1 29
0 23
1 62
0 57
1 39
0 12
1 50
1 3
0 20
1 30
1 67
0 44
0 46
1 55
1 50
0 30
1 27
1 19
0 46
1 2
0 14
0 55
0 31
1 60
1 2
1 36
0 61
0 41
1 27
1 40
1 28
1 21
1 20
1 24
0 59
1 62
0 27
0 46
0 0
0 67
0 28
1 39
1 62
0 49
0 54
0 25
0 56
1 2
0 48
0 7
1 16
1 19
0 31
0 5
0 10
0 33
0 63
0 15
1 39
0 65
0 1
0 40
1 56
0 9
0 3
0 21
0 53
0 39
0 38
0 59
0 67
0 5
1 25
1 36
1 11
1 26
1 23
0 54
0 15
0 31
1 9
0 30
0 22
0 41
1 17
1 57
1 26
1 29
1 62
1 31
1 66
1 14
0 37
0 16
1 62
1 41
1 14
0 65
0 50
1 59
1 61
0 39
0 18
0 37
0 45
0 62
1 48
1 68
0 4
0 24
0 54
0 1
0 33
1 7
1 14
0 17
1 58
1 0
0 37
0 27
0 62
1 37
1 63
0 56
0 1
0 54
0 0
1 45
0 26
0 32
1 41
0 55
1 68
1 21
0 54
1 31
1 36
0 52
0 31
0 52
1 37
1 3
1 57
0 62
0 12
0 63
1 32
1 56
1 18
1 19
1 67
0 2
0 31
0 68
1 38
0 20
0 31
1 66
1 28
1 36
1 49
0 49
1 42
1 45
1 54
1 31
0 53
0 64
1 47
1 67
0 1
0 24
1 12
1 41
1 44
1 56
1 50
1 43
0 47
1 0
0 4
0 27
0 35
0 25
1 21
1 1
0 42
0 20
0 27
1 66
1 53
1 9
0 30
0 17
0 40
0 41
0 32
0 12
0 52
1 5
0 10
0 34
0 55
1 30
1 61
0 34
1 36
1 28
0 39
0 36
1 2
1 7
1 0
1 41
0 60
1 48
0 59
0 31
1 47
1 67
0 60
0 44
0 15
1 14
1 63
0 49
0 15
1 7
1 8
0 47
1 40
1 62
1 62
0 28
1 9
1 47
0 32
0 44
1 10
0 50
0 18
1 60
0 10
1 15
0 35
1 11
0 20
0 0
0 1
0 27
1 3
0 5
0 39
0 3
1 68
1 45
1 58
0 26
0 33
1 10
0 62
0 67
1 6
0 59
0 48
0 66
0 11
0 11
0 37
1 24
0 62
0 49
1 18
0 43
0 49
0 68
0 49
0 28
0 45
1 61
1 16
0 1
1 30
1 50
0 35
1 41
1 48
1 48
1 55
0 37
0 56
0 56
0 68
1 42
0 39
0 27
0 5
0 14
1 4
0 31
0 40
1 56
1 36
1 63
0 27
1 8
1 67
1 6
0 56
0 14
1 45
1 46
0 20
0 30
1 1
0 2
1 26
0 17
1 46
0 62
0 40
0 45
0 54
1 6
1 11
0 54
0 13
0 32
0 0
1 51
0 36
0 27
1 57
1 42
1 0
1 66
1 21
0 59
0
0
0
1
2
4
2
2
0
4
7
0
6
1
11
6
14
7
1
17
5
14
18
2
13
10
19
2
5
4
8
28
27
16
26
32
13
4
31
29
14
33
26
39
4
17
24
9
30
4
30
18
2
40
8
15
13
23
36
42
9
15
14
21
3
26
45
23

848 63
1 3
1 2
0 36
1 29
0 27
1 46
0 56
0 42
1 25
1 28
1 52
1 48
1 7
0 50
1 27
0 18
0 55
1 24
0 45
0 24
1 2
0 42
0 9
1 43
0 43
1 59
1 29
1 51
1 18
1 15
0 2
0 38
0 34
1 31
1 8
1 2
0 17
0 58
1 51
0 38
1 38
1 15
1 59
1 60
1 53
1 13
0 24
0 4
1 20
0 16
0 1
0 21
1 46
1 49
0 4
0 53
1 32
0 36
1 8
1 44
1 46
0 50
0 1
1 13
0 36
1 33
0 42
1 0
1 48
1 20
1 58
0 43
0 26
0 4
1 28
0 47
0 4
1 0
1 18
1 54
0 45
0 51
0 15
0 2
1 21
1 41
1 9
0 10
1 62
0 6
1 11
1 43
0 43
1 20
1 40
0 29
1 15
0 38
1 62
1 49
1 36
0 22
1 60
0 40
0 5
0 46
1 16
1 3
0 13
1 53
0 10
0 37
1 23
1 45
1 28
0 17
1 59
0 50
1 42
0 33
0 32
0 2
0 58
0 27
0 20
0 58
1 8
1 32
1 59
1 10
1 19
0 62
0 41
1 20
1 19
0 12
1 41
1 8
0 54
0 35
0 24
1 24
0 20
0 48
1 53
0 53
1 58
0 43
1 4
1 62
0 7
1 18
1 24
0 47
0 51
1 62
0 14
1 40
0 44
0 51
0 63
0 28
1 50
1 23
1 12
1 35
1 50
1 18
0 23
1 24
1 13
1 27
1 59
1 24
0 42
0 45
1 50
0 59
0 25
1 57
0 35
1 19
1 35
0 44
0 10
1 39
1 54
1 50
0 32
1 28
0 34
0 11
1 20
0 60
1 42
0 28
0 60
0 35
0 48
0 59
0 20
1 30
0 33
0 27
0 49
0 34
0 59
0 48
1 51
0 24
1 49
0 37
0 30
1 11
1 49
1 56
0 62
0 2
0 18
1 30
1 60
1 35
0 32
0 0
0 29
1 49
0 11
1 38
1 10
1 11
0 45
0 12
0 54
1 43
0 63
1 40
1 11
0 9
0 10
1 18
1 6
0 32
0 60
1 23
1 14
0 12
1 19
1 52
1 49
0 13
1 12
0 31
0 54
0 48
1 27
0 36
0 63
0 47
1 63
1 15
1 32
1 59
0 47
1 22
1 40
1 44
1 39
0 47
0 46
0 47
1 40
0 53
1 54
1 38
0 56
1 12
0 34
1 15
0 6
1 4
0 18
0 45
1 40
1 44
1 42
1 58
1 6
1 14
1 11
1 39
1 48
1 53
1 27
1 34
0 50
1 58
0 24
0 0
0 25
1 3
1 1
1 12
0 28
0 50
0 23
1 29
1 47
1 58
0 19
1 31
0 62
1 61
0 48
1 49
0 42
1 59
1 16
0 33
0 31
0 19
1 36
1 18
1 39
0 36
0 13
1 31
1 63
1 26
1 40
0 53
0 54
0 35
1 16
1 13
0 29
0 46
0 23
1 8
0 38
0 46
0 36
0 54
1 11
1 46
1 22
0 34
0 2
1 12
0 24
0 36
1 50
1 47
1 42
0 7
0 34
1 7
0 17
0 47
0 14
1 36
0 25
0 32
0 16
1 58
0 16
0 43
1 9
1 1
0 19
1 3
1 2
0 14
0 14
0 38
1 61
0 26
0 53
1 33
1 15
0 10
0 17
1 58
1 54
0 3
0 26
1 55
1 10
0 23
0 63
1 55
1 5
1 40
0 27
1 34
1 23
0 27
0 26
0 58
0 46
1 0
0 8
1 2
0 4
0 23
0 5
1 36
1 55
0 14
0 11
1 47
1 42
0 48
0 44
1 7
1 33
1 58
0 29
0 40
1 23
0 24
0 14
0 17
0 10
1 51
0 46
1 25
1 16
0 5
1 62
0 37
0 5
1 19
0 18
1 26
1 28
1 58
0 20
0 11
1 50
0 35
0 7
0 60
0 40
1 9
1 44
0 38
1 52
0 0
1 23
1 21
0 13
0 3
0 20
0 47
0 47
0 34
0 2
1 0
1 45
1 10
1 3
1 55
1 28
0 58
0 49
0 38
1 13
1 17
1 25
0 15
1 52
1 14
1 50
1 19
0 40
0 30
0 26
1 58
0 44
1 35
0 55
0 25
1 8
0 31
1 46
1 53
1 51
1 57
1 37
1 26
0 13
1 46
0 26
1 21
1 56
0 0
0 14
1 24
0 48
0 27
0 48
1 20
0 38
1 13
0 62
0 26
0 19
1 63
0 55
1 20
0 34
0 31
1 25
0 2
0 33
1 40
1 8
0 7
0 42
0 36
0 9
1 36
1 32
1 44
1 45
1 20
0 4
1 18
1 51
1 4
0 50
1 17
1 52
1 44
0 4
0 38
1 29
1 32
0 13
0 63
0 39
1 14
1 16
1 15
1 7
0 50
0 19
1 20
0 62
1 13
1 40
1 38
1 40
1 0
0 38
0 38
0 23
1 35
0 0
1 52
0 42
1 15
1 14
0 29
1 9
1 42
0 52
0 9
1 9
0 25
1 2
1 41
0 5
0 59
0 21
0 29
0 57
0 35
1 24
0 59
1 33
0 52
1 45
1 52
0 23
0 54
0 63
1 41
0 34
0 25
1 30
1 26
1 26
1 51
1 62
0 49
0 28
0 49
1 15
0 19
0 12
1 2
0 19
1 59
0 44
0 54
0 50
0 38
0 21
0 53
0 45
1 43
0 23
0 35
1 21
1 40
0 47
0 0
1 5
0 56
1 51
0 12
1 29
0 38
0 9
0 43
0 53
0 57
0 58
1 38
0 35
0 13
1 31
1 54
1 2
1 29
0 32
0 12
0 42
0 44
0 46
1 29
1 62
1 23
0 1
0 58
1 22
1 61
1 2
1 58
0 44
0 24
1 20
0 58
1 20
0 42
1 9
0 10
0 38
0 38
0 35
0 5
0 40
1 34
0 57
0 28
0 53
1 7
1 30
0 34
0 22
0 16
0 17
1 28
0 0
1 16
0 39
0 50
1 60
0 57
0 52
1 52
0 34
1 25
1 34
1 5
1 3
1 27
1 15
0 34
1 5
1 50
1 44
0 45
1 24
0 7
0 53
0 17
0 25
0 22
1 8
0 56
1 41
1 56
0 25
1 41
1 62
0 51
0 63
1 32
1 44
0 18
0 1
0 9
1 47
0 20
0 11
0 5
0 26
0 55
1 26
0 8
1 39
1 41
0 0
0 27
0 44
1 9
0 47
1 59
0 38
0 55
0 43
0 63
0 22
0 19
1 44
0 45
0 46
0 7
0 44
1 61
1 10
1 60
1 63
1 10
0 5
0 56
0 63
1 17
1 53
1 17
0 3
0 29
1 63
1 20
1 52
0 12
0 21
1 17
0 24
1 21
1 34
1 9
0 51
0 15
1 30
0 22
1 14
1 7
0 4
1 16
1 63
0 56
1 43
1 46
0 32
0 7
0 8
0 32
0 43
1 50
0 33
1 35
0 38
0 33
1 14
1 25
0 38
0 58
1 37
0 53
0 29
1 28
0 22
1 5
1 63
0 3
1 19
1 58
1 20
1 5
1 39
0 12
0 62
0 27
0 7
0 45
0 47
0 39
0 7
1 52
0 55
0 12
0 5
1 23
0 32
1 57
1 3
0 42
0 42
1 63
0 26
1 24
1 11
1 31
1 60
0 37
1 53
1 34
0 43
0 46
0 12
0 43
0 36
1 55
1 43
1 47
1 52
1 23
1 45
1 28
0 32
0 6
0 62
0 36
1 7
1 27
0
0
1
2
0
2
5
1
4
0
6
9
9
3
2
10
13
14
9
1
6
18
16
19
16
13
24
13
20
22
29
8
24
8
12
16
5
15
1
28
33
29
7
40
39
26
10
1
27
19
23
37
2
44
15
7
14
19
43
20
31
39
40

143 125
1 83
0 45
1 20
1 98
1 17
0 104
1 86
1 48
0 54
0 28
0 72
1 12
0 45
0 116
0 70
1 21
0 88
1 19
0 22
1 50
1 43
0 26
0 76
0 80
0 69
0 83
1 69
0 5
1 29
1 71
1 13
1 34
1 3
0 45
1 106
0 21
1 25
1 102
1 37
0 99
1 3
1 29
1 73
0 64
0 45
1 33
0 54
0 30
0 83
1 14
1 70
0 101
1 106
1 12
0 108
0 112
0 37
1 10
0 81
1 83
0 27
0 24
0 63
0 31
1 106
0 77
1 7
1 29
0 85
0 60
1 79
0 79
1 36
0 16
1 123
1 114
1 61
1 114
0 5
1 119
1 31
1 112
0 92
0 59
1 54
0 48
0 37
1 122
0 102
0 122
1 4
0 37
1 113
0 2
0 84
0 23
0 117
0 12
1 119
1 53
0 105
1 118
0 38
1 59
0 76
1 124
0 99
0 5
0 87
0 33
0 48
0 116
0 90
1 106
0 104
1 40
0 74
1 78
0 116
0 53
1 113
1 91
0 85
1 3
0 46
1 108
0 116
1 81
0 119
1 8
1 40
1 76
1 92
0 119
1 96
1 14
1 8
0 87
1 90
1 110
1 44
1 44
0 45
0
0
1
1
0
1
5
2
4
5
2
4
5
0
9
10
13
7
5
2
18
10
14
15
12
5
14
4
2
21
14
19
25
17
1
8
26
32
33
14
13
35
24
22
36
38
24
39
23
42
27
43
17
9
48
29
43
55
0
24
11
20
42
17
5
1
10
61
41
26
54
61
49
40
50
66
56
37
9
76
22
5
72
80
30
35
45
40
74
8
5
69
23
9
30
76
16
27
5
49
61
73
64
99
82
79
29
57
90
44
71
61
52
94
36
79
86
81
30
104
54
46
4
35
74

691 85
0 19
0 38
0 20
1 58
1 39
1 27
1 15
0 58
1 17
1 66
0 62
0 64
1 5
0 14
0 76
1 84
1 28
1 81
0 79
0 34
0 78
1 38
0 20
1 60
1 51
1 52
0 71
1 70
0 72
1 54
1 52
1 50
0 55
1 60
1 85
1 68
0 50
1 34
1 18
1 14
0 39
0 35
1 25
1 12
1 60
1 81
1 51
0 64
1 8
0 27
0 45
1 20
0 14
1 66
1 53
0 43
0 83
1 58
0 63
1 57
1 46
1 48
1 35
0 70
1 38
1 12
1 14
0 29
0 80
0 66
1 62
1 33
0 25
0 19
1 5
0 61
0 57
1 45
1 74
1 83
0 15
1 66
1 40
0 54
0 27
0 33
1 15
1 63
1 73
0 34
1 57
0 31
1 21
1 14
1 27
0 83
1 39
1 45
1 61
0 34
1 30
0 61
1 41
0 0
0 82
0 42
0 85
1 76
0 11
0 78
0 45
0 60
1 24
0 59
0 1
0 7
0 40
1 64
1 80
0 52
0 4
0 13
1 79
0 80
0 34
1 50
1 7
1 20
1 19
1 18
0 48
0 26
1 50
0 8
0 31
0 32
0 46
1 29
0 40
0 42
1 71
1 33
1 44
0 67
0 6
1 15
1 24
1 24
0 69
1 72
1 35
1 57
0 65
0 20
0 0
1 19
1 68
1 28
0 2
1 50
1 47
0 14
0 56
0 71
1 82
1 63
1 33
1 3
1 83
0 17
0 5
0 35
1 27
0 54
0 52
0 66
0 48
1 83
0 19
1 12
0 20
0 49
0 60
1 76
0 2
0 3
1 79
0 37
0 49
0 5
0 83
1 77
0 72
1 32
1 42
1 68
1 85
0 63
0 74
1 56
0 64
0 45
0 80
1 38
0 6
0 16
0 18
1 80
0 32
0 47
0 29
0 58
1 30
0 28
0 62
1 15
0 22
0 5
0 16
0 17
1 30
1 25
1 3
0 24
0 17
1 79
0 36
1 56
0 55
1 29
1 29
0 2
1 25
1 56
0 72
0 47
0 49
1 61
0 15
1 59
1 32
1 35
1 22
0 68
0 62
0 3
1 79
1 76
0 2
0 82
0 3
0 84
1 69
1 4
0 8
0 8
0 48
0 10
0 64
0 71
0 79
0 42
0 67
0 85
1 5
1 40
0 19
1 54
1 17
0 51
1 11
0 42
0 77
1 26
1 18
1 2
1 39
0 28
1 49
0 78
1 62
0 30
1 19
1 35
0 68
1 5
1 17
0 19
1 39
1 37
1 22
0 44
0 11
0 54
1 20
0 12
1 44
0 84
1 28
1 55
1 36
1 66
1 59
1 71
1 60
0 30
0 39
0 29
1 6
1 69
1 9
1 79
1 18
1 69
1 58
1 21
1 63
0 35
1 85
1 53
0 28
1 72
1 4
0 81
1 67
1 50
0 22
0 26
0 23
0 4
1 71
1 34
1 29
0 13
1 7
0 72
1 54
0 55
1 48
0 76
1 11
1 53
1 17
1 32
0 69
1 43
1 33
1 39
0 63
0 67
0 11
1 85
1 61
0 77
1 21
1 10
1 41
1 15
1 77
1 10
0 48
1 67
0 82
1 60
0 21
1 73
1 78
1 58
1 65
0 71
0 24
1 70
1 18
0 29
0 77
0 68
0 59
1 9
0 52
0 1
1 75
1 34
1 62
0 53
1 24
0 41
1 31
0 21
1 13
1 84
1 3
1 26
1 37
1 29
0 62
1 59
1 45
0 50
0 57
0 74
0 71
0 83
0 19
0 50
1 37
1 26
1 63
1 31
0 65
1 24
0 23
1 62
0 12
1 36
1 16
0 44
1 72
0 58
0 43
0 18
1 11
1 38
1 71
1 58
1 3
0 81
1 52
0 48
1 10
1 18
0 42
0 74
0 67
0 67
0 10
0 76
0 35
0 47
1 71
0 30
0 35
1 67
1 57
0 45
1 29
0 13
1 17
0 40
1 40
0 20
1 25
0 62
0 52
0 41
0 62
1 18
0 58
1 30
1 47
0 46
0 67
1 26
0 85
0 21
1 12
1 35
0 63
1 35
1 16
1 26
1 70
1 48
1 72
1 39
0 67
1 18
0 48
1 25
0 73
0 16
1 74
1 44
0 29
0 63
1 35
0 44
0 83
1 37
0 46
1 41
1 51
0 80
1 57
1 28
1 78
0 5
0 70
1 18
0 10
0 63
1 33
0 15
0 67
0 64
1 83
1 71
0 76
0 35
1 78
1 5
1 15
0 53
0 9
0 47
1 22
0 43
0 17
1 6
0 16
0 52
1 84
1 15
1 42
1 33
0 76
0 9
1 71
1 18
0 0
0 47
0 80
0 76
1 4
1 53
0 59
0 69
1 11
0 78
1 58
1 15
1 37
1 21
0 29
0 4
0 50
0 82
0 65
0 38
1 43
0 80
0 41
0 31
1 55
1 11
0 85
1 16
0 1
0 38
0 69
0 17
1 81
0 40
0 79
1 58
1 56
1 0
1 74
0 77
0 63
0 20
1 79
0 80
1 23
0 75
1 3
1 71
0 53
1 7
0 2
1 80
1 5
1 67
1 62
0 77
0 44
0 35
0 44
0 67
1 76
0 27
0 6
0 58
1 54
0 6
0 25
1 2
0 71
1 43
1 81
0 71
1 7
0 79
1 48
1 38
0 43
0 72
1 47
0 61
0 46
0 66
1 60
0 26
1 16
1 22
1 27
0 75
0 83
1 70
1 63
1 78
0 38
1 68
0 16
0 32
0 35
0 61
1 74
0 78
1 35
0 63
0 1
1 65
1 34
1 52
0 28
1 58
0 4
0 41
0 68
1 55
0 39
0 5
1 74
0 2
1 66
1 38
1 10
0 25
0 72
1 58
1 77
0 65
0 66
0 5
0 7
0 3
1 81
0 27
0 68
1 60
0 32
1 35
1 85
0 36
1 51
1 6
0 56
0 71
0 74
0 62
1 62
1 15
1 47
0 27
1 41
0 47
1 66
0 46
0 67
1 69
1 26
0 36
1 77
0 5
0 67
0 81
1 2
0 45
1 41
1 84
0 63
0
0
0
2
2
3
0
5
0
7
1
9
9
4
10
2
6
14
15
8
14
10
4
1
10
13
1
13
24
20
16
26
18
7
1
32
24
18
9
37
17
5
38
4
4
16
10
30
7
1
5
44
7
29
19
50
28
1
29
49
55
50
48
13
48
21
23
54
25
21
14
52
25
49
50
18
7
46
52
33
40
68
12
30
80

325 37
0 31
1 34
0 28
1 11
1 12
1 8
1 35
1 0
0 1
1 10
0 37
1 17
1 30
0 2
1 3
0 27
1 36
0 11
1 12
0 29
0 18
0 7
0 6
0 25
0 31
0 24
1 23
1 12
0 12
0 18
0 25
0 19
1 3
1 23
0 28
0 12
1 12
1 13
1 4
1 6
1 33
1 25
1 14
0 1
0 10
0 13
1 4
0 10
0 4
1 17
1 24
1 6
1 14
1 20
1 14
1 18
1 5
1 0
1 7
0 24
0 25
0 21
1 26
0 28
1 21
1 16
1 0
1 21
0 1
0 24
0 33
1 1
1 8
0 32
1 18
0 32
1 30
0 16
1 9
1 21
1 7
0 29
1 25
1 6
1 29
0 3
0 16
0 11
1 33
0 34
0 27
0 7
0 11
0 4
0 13
0 28
1 14
0 13
1 30
1 12
1 19
1 24
1 16
1 22
0 14
0 4
0 37
0 31
0 12
1 15
0 14
0 6
0 6
1 36
1 25
0 14
1 15
1 35
1 8
1 3
1 35
0 25
1 20
1 1
1 13
0 21
0 9
0 10
0 11
0 31
0 36
1 22
0 20
0 16
0 30
0 12
0 34
1 2
0 17
0 19
1 23
0 7
0 3
0 15
0 31
1 30
0 33
0 35
0 11
1 28
1 5
1 8
0 33
0 1
0 34
1 22
1 24
0 17
0 11
0 27
1 23
1 16
0 9
1 6
0 28
0 23
1 18
0 9
0 9
1 18
1 3
1 3
0 32
1 23
1 13
0 30
1 3
1 5
1 10
0 26
0 14
0 1
1 12
1 7
0 17
0 30
1 37
0 27
1 8
0 27
0 2
1 9
0 32
0 12
0 20
0 14
0 22
1 3
0 11
1 25
0 31
1 7
0 28
0 29
1 22
0 15
1 25
0 20
0 11
1 31
0 17
0 32
1 15
1 6
1 9
1 36
0 33
1 13
1 18
1 4
1 28
0 13
1 34
0 17
0 28
0 12
1 19
0 35
0 29
0 15
0 36
0 35
1 25
0 34
0 31
1 26
1 9
1 3
0 0
1 9
1 12
1 3
1 25
1 25
1 3
0 19
1 10
0 35
0 22
1 34
0 20
0 11
0 15
1 29
1 2
1 23
0 34
1 4
1 0
1 1
1 33
0 16
0 26
1 14
1 28
0 27
0 24
0 22
1 7
1 15
1 22
0 33
0 11
0 2
0 2
0 34
1 34
1 9
1 36
1 1
1 30
0 2
1 37
1 37
0 25
1 37
0 15
0 7
1 28
0 5
1 33
0 18
0 33
0 25
0 8
0 35
0 4
1 19
1 13
0 11
0 37
1 14
1 2
1 19
0 13
1 28
0 24
1 1
1 22
1 19
1 20
1 28
0 31
1 8
0 16
1 5
0 5
0 32
0 25
1 1
1 8
1 21
1 9
0 20
1 32
0
0
0
1
1
0
0
4
3
2
3
9
6
8
3
9
14
8
6
12
6
16
4
19
0
0
2
13
23
22
25
2
25
28
28
22
21

115 96
1 21
0 2
1 14
0 7
1 65
0 89
0 11
1 36
1 14
0 20
0 78
0 43
0 7
0 35
1 33
0 54
0 36
0 40
0 39
0 86
0 73
0 35
1 67
0 95
0 11
1 47
1 50
1 21
1 90
1 10
0 73
0 60
1 71
0 29
1 63
0 38
0 88
1 35
0 53
1 58
0 79
0 64
1 77
1 74
0 8
1 6
0 29
1 46
1 67
1 21
0 45
1 49
0 65
1 62
0 63
1 16
0 27
1 46
0 57
0 90
1 52
0 1
0 51
1 72
0 76
1 29
1 53
0 43
1 72
1 57
1 24
0 92
1 56
1 2
1 45
0 58
0 30
1 15
0 6
0 59
1 80
0 17
0 3
1 3
0 25
1 30
0 1
0 3
1 75
1 63
0 70
0 25
1 90
0 43
0 44
0 32
1 23
1 73
0 63
1 33
0 30
1 75
1 28
1 75
1 80
0 51
0 63
1 0
0 79
1 88
1 65
1 37
0 42
0 10
1 71
0
0
0
1
0
1
0
6
3
5
4
9
9
8
11
5
7
8
17
6
15
8
7
0
3
16
6
19
24
8
9
12
7
6
24
18
6
31
7
32
15
9
4
28
34
37
34
3
15
8
24
10
36
45
4
54
7
26
11
51
59
6
18
59
61
16
58
10
24
58
30
46
40
21
39
29
7
30
21
24
67
72
73
71
82
69
45
72
73
46
32
33
15
12
3
62

871 141
0 12
1 6
0 14
0 90
1 93
1 75
1 101
0 80
1 65
0 128
1 90
1 90
0 33
0 10
0 47
0 76
0 59
0 99
1 33
0 27
1 91
0 51
1 130
1 65
1 20
0 21
0 17
0 141
1 125
0 124
0 92
0 80
1 95
0 139
1 28
0 61
0 31
0 55
0 37
1 12
1 68
1 133
1 74
0 82
1 70
1 109
0 102
1 114
0 23
0 66
1 55
0 88
0 128
0 118
1 33
0 116
0 6
0 6
0 130
0 34
0 63
0 63
1 102
0 124
0 77
1 133
0 33
0 58
1 22
0 83
1 103
0 98
1 51
1 76
0 109
0 22
0 80
1 58
0 76
1 106
0 23
0 61
0 51
1 65
1 27
1 50
1 129
0 100
1 141
0 22
0 19
1 123
1 105
0 68
0 7
0 61
1 4
0 16
1 123
1 100
0 108
0 136
0 38
1 121
1 53
1 100
1 27
1 126
1 118
1 69
0 112
1 130
0 49
0 65
1 30
0 35
0 24
1 128
0 120
0 28
1 94
1 41
0 111
1 113
0 125
1 15
1 44
0 117
1 98
0 41
0 12
0 31
1 55
0 37
0 133
1 83
1 127
0 54
0 68
0 26
1 48
1 18
0 84
0 15
0 100
1 107
0 133
0 79
1 117
0 136
0 90
1 116
1 18
1 110
0 112
0 42
0 10
1 83
0 74
1 17
0 14
1 6
1 110
1 111
1 24
0 136
0 103
0 139
0 70
1 11
1 82
0 20
0 6
0 78
1 7
0 136
1 96
0 113
0 125
1 51
0 34
0 47
0 77
1 107
1 37
0 109
1 49
1 84
1 90
0 20
0 51
0 125
0 80
0 112
0 36
1 21
1 64
1 96
1 95
0 106
0 103
0 112
1 116
1 59
0 100
0 65
1 97
0 35
0 140
1 78
0 6
1 47
1 127
0 67
1 68
0 18
0 1
0 48
0 75
0 64
0 73
1 25
1 0
0 140
0 104
1 36
1 116
1 34
1 43
1 50
1 33
0 11
0 128
0 114
0 25
0 98
1 45
0 47
1 128
1 5
1 52
1 80
0 84
1 87
0 135
1 112
1 121
0 76
0 94
0 1
0 11
1 91
0 40
0 6
0 48
1 64
0 115
1 99
1 54
1 71
0 41
0 75
1 30
1 43
0 130
1 30
0 134
1 59
0 84
0 12
0 37
1 8
0 99
0 3
0 97
1 24
1 18
1 103
1 77
0 120
1 57
0 125
1 18
1 90
0 28
1 95
0 104
0 103
1 127
1 22
0 59
1 22
1 39
1 132
1 62
1 112
1 140
0 110
1 136
1 52
0 130
0 135
1 23
1 42
1 39
1 140
0 70
0 27
1 117
0 2
0 68
1 87
1 140
0 109
1 80
0 97
1 104
0 115
1 74
0 62
1 29
1 102
1 48
0 107
1 4
1 51
0 27
1 141
1 124
1 7
0 109
1 127
1 66
0 37
0 46
0 63
1 108
1 66
0 136
0 126
1 139
0 21
0 115
0 5
0 137
1 125
1 75
1 16
1 88
0 17
0 70
1 133
1 83
1 10
0 21
0 53
1 55
1 62
0 109
0 18
1 21
1 39
0 107
0 51
0 56
1 58
0 56
1 47
0 81
0 76
1 85
0 36
0 76
1 46
0 78
1 57
0 4
0 50
0 12
0 97
0 61
1 85
1 133
1 20
0 63
1 111
1 3
0 104
1 31
0 36
0 10
1 137
1 2
0 134
0 34
1 35
1 92
1 36
0 36
1 107
1 49
0 71
0 21
1 129
0 38
1 128
1 39
1 80
1 137
0 101
1 130
1 19
1 6
1 9
0 33
1 140
1 28
0 137
1 129
0 71
1 103
0 61
0 16
1 41
0 57
0 104
1 18
0 110
1 23
0 61
0 53
0 131
0 30
1 73
1 117
1 17
1 54
0 50
1 85
0 116
1 52
0 67
1 141
1 85
1 96
0 137
1 75
1 27
0 64
1 141
0 22
0 104
1 113
1 83
1 51
0 34
1 132
1 119
1 94
1 109
1 104
0 102
0 51
1 66
0 84
0 47
1 130
1 50
0 121
0 43
0 3
1 24
0 88
0 32
1 34
0 22
0 85
0 17
0 1
1 139
1 18
0 39
0 141
1 129
0 68
1 78
0 29
0 33
0 98
1 0
0 44
0 106
0 16
0 39
0 60
1 39
1 66
1 89
0 139
0 82
1 56
1 133
0 95
0 70
0 84
1 1
1 103
1 55
0 121
0 29
1 57
1 95
1 92
0 141
0 111
1 28
0 93
0 36
0 110
0 121
0 103
1 82
0 95
0 93
1 113
1 68
1 123
0 112
0 39
0 101
1 139
0 124
1 119
1 80
0 27
0 53
0 100
1 100
1 100
1 66
0 132
0 16
1 31
0 45
0 57
1 35
0 76
1 1
0 140
1 51
1 8
1 107
1 95
1 86
1 14
0 68
1 75
1 104
0 13
1 101
0 97
1 8
1 89
0 107
1 46
0 134
1 103
1 41
0 78
1 32
1 127
0 56
1 128
1 57
1 99
1 89
0 33
1 18
1 83
1 3
0 13
0 36
1 127
1 81
1 56
1 32
1 96
0 66
1 2
1 0
0 64
1 5
1 63
0 123
0 98
0 131
0 70
0 44
1 107
0 8
1 46
0 135
1 77
1 91
1 1
0 0
1 88
0 59
1 6
0 41
1 1
1 113
1 27
0 48
1 28
1 134
1 32
0 37
0 130
0 53
1 66
1 94
0 40
1 94
1 31
0 88
1 27
1 84
0 21
0 67
1 70
1 129
1 61
1 23
1 128
1 90
1 80
0 56
1 45
0 112
0 112
0 17
1 135
0 139
1 29
1 27
1 114
0 87
0 35
1 30
0 137
1 21
0 87
1 3
0 113
1 78
0 34
0 61
0 29
0 51
0 31
0 111
1 95
0 67
0 95
0 54
1 137
1 47
0 103
0 97
1 69
0 34
0 98
0 72
0 36
0 108
0 108
1 96
0 139
0 71
1 4
0 24
0 138
0 133
1 109
1 46
0 106
0 10
0 76
1 57
1 57
1 19
1 16
0 80
0 45
1 56
0 70
0 53
0 50
0 110
0 136
0 21
1 45
1 3
0 6
1 72
0 104
0 45
1 120
1 109
0 84
0 79
1 69
0 28
0 93
1 128
1 135
1 133
1 123
1 5
1 125
0 104
0 25
1 88
0 59
0 60
0 93
1 85
0 97
0 87
1 88
1 61
1 114
0 121
0 67
1 139
1 27
1 141
0 58
0 99
0 76
0 137
0 8
1 109
1 51
1 70
1 100
0 64
1 9
0 17
1 61
1 20
0 42
1 19
1 137
1 117
0 98
1 16
1 125
1 106
0 43
1 140
1 41
1 69
0 65
0 91
1 48
0 69
0 138
1 94
1 16
0 86
0 12
0 130
1 103
0 89
0 140
0 65
1 70
0 37
0 69
1 121
0 92
0 32
0 66
1 70
0 3
1 120
1 35
0 37
0 41
0 29
1 84
0 131
0 43
0 51
1 95
1 91
0 41
0 107
1 36
0 141
0 89
0 46
1 64
0 46
0 122
0 102
1 90
1 53
0 41
0 114
0 132
0 130
1 11
0 102
1 87
1 120
0 129
1 24
1 97
0 37
0 107
0 120
1 131
1 46
0 138
1 99
1 104
1 102
1 90
1 139
1 21
1 12
1 57
0 126
1 140
0 2
0 27
1 32
0 97
0 6
0 103
0 63
0 116
0 140
0 44
0 41
1 73
0 7
0 69
1 118
1 74
1 103
0 19
0 126
0 69
0 122
0 132
1 132
0 20
0 132
1 133
0 40
0 24
0 115
1 37
0 88
0 77
1 123
0 118
0
0
1
1
0
0
3
6
7
8
4
6
8
11
4
7
2
6
10
5
6
20
19
8
1
14
11
2
4
7
16
26
21
32
12
34
29
25
35
32
15
26
11
11
6
33
28
7
6
27
9
34
46
13
2
33
51
48
16
36
24
58
30
7
34
7
56
66
7
22
44
56
6
54
40
48
36
23
25
23
36
26
8
58
13
18
75
58
31
1
81
58
70
9
57
26
54
22
14
36
94
5
48
52
97
16
69
13
64
65
42
14
22
80
69
92
43
82
76
78
24
109
65
114
64
79
101
47
51
95
19
32
41
58
32
12
59
72
92
78
17

343 36
0 14
1 10
0 35
1 15
0 35
1 27
0 29
0 11
0 13
1 28
0 13
1 9
1 28
0 13
1 20
1 1
0 20
1 17
0 3
0 18
1 4
0 35
1 1
1 29
1 34
1 26
0 33
0 28
1 0
1 25
1 6
0 19
0 12
1 23
1 7
1 2
0 14
1 19
0 0
0 23
1 4
0 31
1 33
0 5
1 2
1 26
0 27
0 4
1 15
0 1
1 16
0 11
0 20
0 27
0 20
1 1
1 10
1 5
1 32
0 30
1 22
1 20
1 36
0 8
0 36
1 21
0 4
1 21
1 16
0 29
0 16
1 10
1 2
0 8
1 21
1 31
0 24
0 33
0 18
1 26
1 25
0 17
0 2
0 9
1 15
0 31
1 22
1 20
0 5
1 7
1 18
0 27
0 18
1 33
0 19
0 4
1 1
0 20
0 18
0 21
0 19
0 36
0 0
0 28
0 3
0 11
1 1
1 5
1 3
0 14
1 36
0 5
1 34
1 15
1 4
1 7
0 20
1 18
0 11
1 19
0 2
1 0
0 32
1 0
0 3
0 2
0 22
1 25
0 17
1 5
0 34
0 13
0 30
1 7
1 0
1 36
0 12
1 9
0 20
1 12
0 27
0 30
0 35
0 14
0 3
0 20
1 4
1 20
1 17
0 10
0 29
1 34
0 34
1 27
1 10
1 27
0 9
1 19
1 11
0 17
1 32
1 29
0 3
1 4
1 10
0 29
0 29
0 29
1 9
0 12
0 18
1 11
1 1
0 8
0 11
0 25
0 22
0 31
0 15
1 30
1 19
0 18
1 8
1 36
0 23
0 17
0 26
0 19
0 13
0 26
1 12
1 11
0 19
1 32
1 13
1 24
0 2
1 34
0 15
1 8
0 29
0 31
1 23
1 19
0 22
0 33
1 16
0 23
1 7
1 17
0 3
0 10
0 4
0 14
1 17
0 21
1 36
1 26
1 29
0 20
0 9
0 31
0 36
1 24
0 24
0 31
0 36
0 7
0 25
1 31
0 8
0 3
0 7
0 29
0 11
1 27
1 10
0 20
1 30
1 20
0 34
0 25
0 19
0 2
1 9
0 20
0 34
0 12
0 25
0 12
0 16
0 15
0 21
1 22
0 3
1 36
1 30
0 35
0 12
0 33
0 23
1 13
1 29
1 31
0 11
0 8
0 8
1 28
0 23
1 26
1 19
0 17
0 11
0 13
1 19
1 29
1 26
1 33
0 14
1 9
1 0
1 5
0 8
0 18
0 7
1 7
1 29
0 9
1 25
0 23
1 4
0 29
1 29
0 5
1 15
1 21
0 7
0 14
0 19
1 36
0 0
1 20
0 30
0 35
0 35
1 30
1 30
1 23
0 20
0 28
1 32
0 34
1 32
0 28
1 24
1 7
1 0
0 35
1 32
1 26
1 14
1 11
1 28
1 2
1 29
0 35
1 8
1 20
1 11
0 14
0 10
1 25
1 25
1 22
0 4
0 13
1 3
0 9
0 27
1 33
0 17
0 8
0 27
0
0
1
2
2
2
1
5
0
5
8
8
10
8
2
7
5
15
3
4
0
0
11
0
12
22
16
1
26
26
6
18
22
7
7
22

99 62
1 20
1 55
1 22
1 9
1 19
0 11
1 14
1 19
1 47
1 20
1 2
1 7
1 30
0 17
1 12
0 51
1 4
1 27
0 18
0 19
1 8
0 39
0 56
0 17
1 34
1 38
1 7
0 26
1 48
1 19
0 44
1 53
0 20
1 15
0 21
0 34
1 52
0 15
1 55
0 24
1 37
0 31
0 36
1 38
0 11
1 3
0 49
0 56
1 27
0 21
1 2
1 30
0 9
1 14
0 27
0 7
0 35
0 44
0 31
0 27
1 23
0 3
1 51
1 27
0 50
1 56
1 21
1 35
1 40
1 4
1 56
1 36
0 54
1 14
1 9
1 44
1 28
0 46
0 18
1 22
1 10
1 44
0 61
0 17
0 57
0 52
0 46
0 43
0 55
1 58
1 32
1 56
0 10
1 58
1 38
0 0
1 7
1 56
1 4
0
0
0
0
3
3
4
1
3
0
9
0
2
4
9
5
0
4
2
2
2
14
1
5
8
19
22
2
10
11
28
7
27
22
24
15
31
5
6
0
6
29
27
3
0
8
9
18
46
27
35
15
21
34
0
49
29
47
47
48
35
27

709 108
1 21
0 23
1 89
1 58
1 12
1 42
0 55
0 21
1 83
1 76
1 52
0 28
0 32
1 83
1 50
0 73
1 97
1 40
1 67
1 80
0 18
0 42
0 94
0 98
1 15
0 36
1 28
0 39
0 33
0 24
1 97
1 84
0 9
1 91
1 36
0 66
1 101
0 1
0 64
0 52
1 15
0 87
1 88
0 32
1 71
1 55
0 69
1 103
1 97
0 53
1 94
1 27
1 54
1 51
0 2
1 14
1 45
0 93
0 84
0 80
0 26
1 63
1 44
0 18
1 9
1 54
1 28
0 108
1 106
0 53
1 7
0 86
1 4
1 76
1 92
1 9
0 12
0 47
0 93
1 45
1 63
1 14
1 63
1 75
1 13
1 37
1 68
1 99
0 30
0 8
1 9
1 1
1 60
1 13
0 78
1 75
1 87
1 58
1 79
0 108
0 22
1 17
0 13
1 37
1 16
1 79
1 58
0 93
0 27
1 57
1 28
1 38
0 20
1 8
0 47
1 59
1 77
0 36
0 82
1 17
0 28
1 70
1 10
0 19
1 75
1 58
0 80
0 98
0 67
1 28
0 73
1 55
0 65
1 100
0 40
0 95
1 2
0 92
0 39
0 2
1 104
1 106
0 48
0 40
1 52
0 23
0 15
1 92
1 92
0 14
1 34
1 63
1 30
0 18
0 10
1 41
0 20
1 35
0 45
0 10
1 56
1 89
1 78
1 100
1 97
1 76
1 44
1 85
0 23
1 64
1 19
0 11
0 11
0 3
0 94
0 73
1 11
1 83
1 21
0 67
0 93
1 108
1 73
0 63
0 66
0 84
1 9
1 72
1 64
0 46
1 68
0 22
1 84
1 22
1 78
0 68
1 51
0 70
0 43
0 27
0 23
1 94
0 60
0 74
1 38
0 28
1 54
1 64
1 100
1 103
1 64
1 4
0 30
0 25
1 10
1 10
0 29
0 68
1 75
1 106
0 52
1 55
0 23
0 17
1 59
1 51
0 51
1 103
1 46
0 107
1 34
1 94
0 103
1 73
1 7
1 101
1 88
0 88
1 81
1 14
0 65
1 98
0 45
1 56
0 83
0 72
0 13
1 10
1 86
0 78
0 102
0 67
1 75
1 39
1 52
1 100
1 106
1 64
0 74
0 16
0 94
0 55
0 82
1 10
0 31
0 25
1 17
0 47
1 15
1 88
1 13
0 34
0 24
1 71
0 66
1 84
1 64
1 56
0 25
0 82
1 87
0 28
0 2
0 77
1 74
0 70
1 98
0 56
1 86
1 7
1 89
0 43
0 63
0 76
0 37
0 97
0 65
0 75
1 30
0 48
1 67
0 87
0 52
0 72
1 1
0 46
0 18
1 3
1 56
1 45
0 15
1 64
0 9
0 95
1 15
1 35
0 56
0 82
0 23
1 54
1 2
0 22
1 6
0 29
1 47
0 59
1 56
1 43
1 103
1 72
1 75
1 52
0 70
1 37
0 31
0 87
0 3
0 92
1 90
0 61
0 86
0 44
0 59
0 101
1 41
0 76
1 15
0 16
1 85
0 63
0 23
0 19
0 66
0 96
0 52
0 70
0 52
0 23
1 21
1 93
1 61
0 17
0 23
0 89
1 24
0 20
0 62
0 52
0 74
0 107
1 26
1 78
0 93
0 90
0 54
0 30
1 57
0 91
1 27
0 49
0 4
0 92
1 74
1 63
1 21
1 85
0 26
0 61
0 39
0 23
1 76
0 41
0 69
0 80
0 107
1 31
1 46
1 78
1 16
1 4
0 30
0 39
0 62
0 18
1 38
1 86
0 3
0 10
1 67
0 76
0 41
1 45
1 27
1 45
1 13
1 103
1 52
0 107
1 99
0 29
1 54
0 24
0 105
1 106
1 88
0 0
1 87
1 39
0 3
0 62
0 104
0 2
1 53
1 4
1 54
0 45
0 10
1 81
1 89
0 56
1 82
1 17
1 3
0 55
0 87
1 108
1 45
1 80
1 10
0 105
1 45
0 57
0 21
1 54
1 99
0 24
0 31
1 107
1 33
0 89
1 4
1 50
1 36
0 49
0 6
1 27
1 56
1 39
0 1
1 74
0 25
0 100
1 34
0 38
0 47
0 57
1 9
1 0
0 41
1 4
0 11
0 31
1 72
1 59
0 31
1 38
0 7
1 82
0 62
0 50
0 104
1 37
1 37
0 87
1 96
1 56
1 37
0 82
0 79
0 14
1 63
0 97
0 34
0 94
1 69
0 100
0 49
0 38
0 39
0 23
0 62
1 50
0 43
1 36
1 73
0 47
0 49
0 48
0 48
0 7
1 15
0 41
0 88
0 90
1 11
0 23
1 105
1 100
1 34
0 94
0 39
1 31
0 78
1 31
1 39
1 25
1 62
1 2
1 17
1 12
0 35
1 2
1 45
0 29
1 90
0 76
1 73
0 100
0 26
1 38
0 105
0 67
1 102
1 52
1 14
0 26
1 78
0 34
0 101
1 24
1 3
1 2
1 72
0 41
0 25
1 41
0 7
0 39
0 91
0 68
0 27
1 86
1 68
0 86
0 54
1 8
1 57
0 15
1 68
1 99
0 79
0 15
1 94
0 72
1 57
1 69
1 107
1 79
1 94
1 88
1 27
0 65
1 81
1 103
0 14
0 61
0 49
1 97
0 20
0 84
1 25
0 73
1 29
0 54
1 16
1 34
0 26
1 68
1 5
0 4
1 31
1 55
1 102
0 35
1 81
1 54
0 44
0 9
1 90
0 3
0 69
0 74
0 103
1 71
1 105
1 87
0 83
1 45
1 77
0 36
0 92
0 74
0 70
0 54
0 57
1 34
1 7
0 59
0 56
1 63
1 55
1 48
1 21
0 23
0 85
1 94
0 89
0 61
1 32
0 19
1 95
0 107
0 36
0 33
1 7
1 25
0 75
0 79
1 86
1 5
1 54
1 5
0 34
0 52
1 79
1 42
1 101
0 66
1 45
0 52
0 73
1 13
1 30
1 66
1 69
0 33
0 57
1 28
0 74
0 8
0 8
0 15
0 65
0 26
1 47
1 19
0 38
0 1
1 65
0 22
1 93
0 106
1 48
1 43
0 25
0 2
1 69
0 63
1 81
1 89
0 32
1 78
0 30
1 52
1 80
0 72
0 4
0 33
1 100
0
0
0
1
1
3
1
2
4
8
2
10
7
7
10
12
6
0
2
1
11
18
13
22
18
3
0
23
20
28
16
18
16
31
15
7
5
7
15
5
11
15
38
29
31
24
44
34
39
7
13
29
6
24
41
38
18
27
35
8
44
37
37
61
63
53
57
23
41
28
29
1
41
5
36
24
38
16
51
24
48
41
20
75
74
73
11
72
11
35
29
6
46
49
42
58
64
36
3
35
78
34
4
14
67
27
94
75

975 82
1 27
0 18
1 76
0 33
0 18
0 66
1 17
1 79
1 55
1 8
0 82
1 32
0 81
0 36
0 27
0 40
1 19
1 51
0 46
0 0
0 8
1 64
1 29
0 27
0 14
1 75
1 45
0 62
1 26
0 43
1 71
1 59
1 70
0 4
1 52
1 16
1 68
1 20
0 14
0 2
0 7
0 31
0 44
0 33
1 68
0 51
1 28
1 78
0 74
1 59
1 56
1 63
0 68
0 2
1 52
0 28
0 73
1 20
1 25
0 74
1 65
0 54
0 50
1 60
1 12
0 28
1 12
1 2
0 49
0 8
1 13
0 59
0 23
1 13
0 45
1 46
0 75
1 58
1 81
0 40
1 72
0 51
1 70
1 56
0 36
1 70
0 72
0 58
0 30
1 28
0 35
0 44
1 38
0 57
1 13
0 51
1 61
0 1
1 14
1 82
0 15
0 72
1 28
1 35
0 60
1 1
0 20
0 14
0 17
0 66
1 77
0 42
0 31
0 48
1 65
1 33
1 21
1 23
1 66
1 19
0 81
0 66
0 2
0 44
1 16
0 77
1 81
0 41
0 74
0 67
1 82
1 59
0 72
0 52
1 69
0 28
1 78
1 53
1 15
1 75
1 0
0 15
1 49
1 4
1 18
1 16
1 18
1 24
0 59
0 77
1 24
1 15
0 71
1 26
0 44
1 43
1 64
1 48
0 65
1 38
0 22
0 4
1 27
0 18
0 65
0 24
1 11
1 44
1 34
1 5
1 59
0 19
1 30
0 67
0 53
0 61
1 30
1 80
1 40
1 65
0 25
0 55
1 43
1 44
0 59
0 34
1 41
0 31
1 14
1 4
1 27
1 77
1 17
0 12
0 2
0 66
1 50
1 28
1 51
0 64
0 20
1 24
0 32
1 35
0 29
1 55
0 56
1 56
0 42
1 71
0 0
1 66
0 40
1 67
0 67
1 78
0 70
1 6
0 2
1 26
0 82
1 14
1 43
1 24
1 32
0 57
0 75
1 11
1 1
1 39
1 76
1 78
0 12
0 58
0 23
0 30
0 25
1 71
1 41
0 14
0 19
0 75
1 48
0 33
0 73
0 72
0 80
0 16
1 31
0 26
1 55
0 25
0 6
1 59
1 23
1 82
1 40
1 39
1 62
1 33
0 24
1 50
1 59
0 14
0 68
1 44
0 22
1 31
1 48
0 34
0 12
1 71
1 1
1 16
0 59
0 39
0 3
1 2
1 12
0 50
0 73
1 20
1 70
0 11
1 65
1 5
0 72
0 53
1 26
0 60
1 27
0 43
1 50
1 36
1 21
0 0
0 42
1 18
1 63
0 75
0 43
0 33
1 80
0 17
0 24
0 36
1 43
1 80
1 38
1 52
1 80
1 32
0 42
0 4
1 78
1 53
0 62
0 62
1 73
0 45
0 42
0 58
1 17
0 48
0 68
0 16
0 70
0 25
1 9
1 45
1 2
1 45
1 0
0 41
1 17
1 38
1 74
0 24
1 16
0 68
0 1
0 24
0 8
1 44
1 39
0 60
0 52
0 63
0 26
1 58
0 73
1 21
1 66
1 51
0 72
0 1
1 68
0 78
0 71
0 75
0 8
0 37
0 15
0 51
0 78
0 5
0 79
1 60
0 43
1 20
1 22
1 66
1 25
0 37
1 71
0 20
0 13
0 4
1 30
1 42
0 32
0 39
0 31
1 32
1 21
0 50
1 46
0 49
0 65
0 8
0 66
1 81
0 7
0 38
1 53
1 82
0 37
0 10
1 55
0 49
1 19
1 76
1 67
1 42
0 15
1 58
0 11
0 25
1 4
0 59
0 32
1 11
0 8
0 23
1 66
0 56
0 45
1 73
1 21
0 78
0 54
1 64
0 20
1 79
1 81
0 53
1 26
1 22
0 69
1 13
1 63
1 39
0 48
0 82
0 81
0 69
0 14
0 23
1 66
0 5
1 14
1 11
0 63
0 30
1 58
0 7
1 53
1 33
1 47
1 18
0 11
1 59
0 34
1 46
0 7
1 5
0 9
1 29
0 57
0 28
0 19
1 78
0 10
1 2
0 40
0 10
0 71
0 15
0 46
0 69
0 64
1 56
0 80
1 17
1 38
1 27
0 28
1 13
0 17
0 81
0 63
1 2
1 15
0 63
1 79
0 2
0 35
0 58
1 22
0 7
0 12
1 71
0 43
0 49
1 80
0 15
1 40
0 20
1 26
1 32
1 26
0 64
1 72
1 26
0 55
0 27
0 32
1 30
1 12
0 75
1 6
1 50
1 11
1 34
0 41
0 76
1 42
1 26
1 61
1 45
1 75
0 44
0 18
0 10
0 77
1 60
1 0
0 69
0 11
0 24
0 60
1 17
0 45
0 46
0 65
0 58
1 64
1 42
0 56
1 56
1 11
0 2
1 21
1 60
0 25
1 71
0 7
0 7
1 24
0 80
1 6
0 2
0 78
0 8
0 54
0 13
1 52
1 44
0 42
1 9
0 47
1 52
0 14
1 7
1 50
0 64
1 65
0 1
0 64
0 54
1 8
1 39
0 11
0 3
1 60
0 53
1 66
0 49
0 58
0 60
1 66
0 11
0 30
1 68
0 24
0 43
1 46
0 76
1 36
0 54
0 49
1 59
0 21
1 37
0 72
1 47
0 17
1 26
0 10
1 67
0 72
1 4
1 65
1 67
0 44
0 34
0 58
0 75
1 24
0 36
0 46
1 81
0 29
0 31
1 4
0 28
0 7
0 54
0 25
0 11
1 2
0 49
0 42
1 76
1 30
1 66
0 19
0 59
0 15
1 12
0 49
1 75
1 27
1 15
1 14
1 79
0 48
1 62
1 4
1 3
1 77
0 50
1 31
0 36
1 58
0 78
1 38
0 57
1 52
0 60
1 23
0 62
1 68
0 9
1 66
0 29
0 75
1 82
1 11
1 1
0 29
0 8
0 30
0 30
1 71
1 30
1 46
1 16
1 1
1 69
0 77
1 16
1 32
0 36
0 39
0 19
0 80
1 42
0 36
1 61
1 52
0 65
1 73
0 43
1 39
1 75
0 51
0 78
0 49
0 9
1 69
0 0
1 22
1 37
1 45
1 39
0 16
1 15
1 13
0 82
0 53
1 15
0 45
0 23
1 0
0 40
1 27
0 80
1 51
0 36
0 28
0 7
0 46
1 11
0 34
0 18
1 75
0 11
0 75
0 44
1 28
1 73
0 80
1 25
1 60
1 78
1 79
0 40
0 41
1 0
1 13
0 23
0 17
0 40
0 69
0 12
1 25
1 7
0 18
0 29
1 75
1 2
0 39
0 24
1 26
1 29
0 39
0 40
1 52
1 8
0 35
1 0
1 31
0 38
1 62
1 21
1 4
0 49
1 81
0 20
1 37
0 79
0 27
1 59
1 36
1 25
1 71
0 68
0 63
0 48
0 64
0 51
1 52
0 47
1 48
0 18
1 12
1 57
1 21
0 15
1 56
0 8
0 3
0 1
0 77
0 2
0 55
1 81
1 9
1 82
1 35
1 28
1 16
0 10
0 25
1 5
1 23
0 54
0 59
1 71
1 13
0 14
1 45
0 55
1 17
1 71
1 77
1 79
0 35
1 74
0 39
1 72
1 35
1 62
1 45
1 44
1 16
1 22
0 81
1 70
0 47
0 79
0 61
0 50
1 16
0 64
0 32
1 73
1 23
1 68
0 46
1 61
0 53
0 43
0 4
1 74
1 52
1 39
1 45
0 74
0 74
1 72
1 20
0 81
0 69
1 17
0 80
1 34
1 56
0 75
0 8
0 17
0 26
1 54
0 66
0 80
0 8
1 53
1 16
1 76
0 16
1 27
1 68
0 24
0 79
0 57
1 47
1 14
0 40
0 29
1 23
0 56
0 70
1 0
0 19
1 36
1 2
0 59
1 55
1 44
0 37
1 73
0 64
1 35
1 58
1 64
1 6
1 30
1 61
1 61
1 17
0 9
0 22
1 9
0 41
0 17
1 59
1 46
1 30
0 3
0 68
0 25
0 58
0 51
0 69
0 34
0 59
0 5
1 4
1 25
1 56
1 6
1 70
1 78
1 32
0 4
0 8
1 44
0 44
1 22
0 48
1 63
0 64
1 0
1 37
0 75
1 59
1 11
0 32
0 33
0 80
0 63
0 72
0 78
1 34
0 67
1 46
1 78
1 16
0 65
0 1
1 26
1 75
0 39
1 17
0 55
1 0
0 72
1 77
0 52
0 60
1 73
1 65
0 59
0 66
0 13
0 70
1 34
0 18
1 63
0 46
1 33
1 59
1 63
0 33
1 80
1 53
1 42
1 57
0 20
0 56
1 4
0 70
0 47
0 63
0
0
1
2
3
0
2
6
3
8
2
5
4
5
12
12
15
8
3
8
3
5
11
13
7
13
5
12
5
27
23
17
18
7
33
16
33
11
10
8
8
33
9
20
31
17
28
39
28
27
20
36
43
22
50
24
55
55
8
40
0
50
9
37
10
35
43
33
46
28
11
59
1
36
28
71
71
52
59
4
19
19

390 127
0 44
1 18
1 58
1 11
0 63
1 82
1 85
0 65
0 72
0 26
1 95
0 87
1 35
1 95
1 69
0 23
1 96
0 50
1 63
0 66
0 11
0 22
1 125
1 89
0 24
0 13
0 35
0 126
1 25
0 41
0 104
1 96
1 78
0 20
1 82
0 124
0 9
1 30
0 111
0 4
1 65
0 115
0 107
0 5
0 91
0 100
1 107
1 62
0 77
1 54
0 25
1 11
1 126
0 39
1 104
0 64
0 119
0 1
0 35
0 124
0 19
0 5
1 53
1 51
1 114
0 26
0 92
1 0
0 12
1 59
1 26
0 46
1 36
1 28
1 11
0 44
1 85
1 18
0 49
1 63
0 48
0 124
1 57
1 60
0 121
0 2
1 34
1 71
1 28
1 96
1 103
1 95
1 98
0 123
0 111
0 33
0 97
0 85
1 34
1 96
1 103
0 104
1 48
0 95
1 35
0 27
0 23
1 87
1 44
0 55
1 41
0 44
0 49
0 110
0 38
0 71
1 36
0 28
1 40
1 75
0 69
1 64
0 116
0 27
1 100
1 59
0 43
0 114
0 102
0 30
0 62
1 29
0 50
1 24
0 47
0 46
1 1
1 1
0 101
0 18
1 98
0 45
0 85
0 44
0 12
0 66
1 78
0 55
0 124
0 75
0 120
0 20
0 17
1 113
1 81
0 21
0 101
1 64
1 114
1 113
1 54
1 38
1 86
1 91
1 30
1 80
0 113
1 93
0 54
0 102
0 122
0 24
1 126
0 94
1 26
1 78
0 33
0 97
1 59
1 74
1 22
0 88
0 56
1 64
1 6
0 49
1 38
0 109
1 71
0 94
0 64
0 19
0 50
1 126
0 113
1 31
1 7
1 6
0 57
1 81
0 116
1 91
1 85
0 32
1 98
1 37
1 61
1 101
0 127
0 31
0 117
0 28
1 32
1 46
0 15
1 0
1 70
0 91
0 58
1 23
1 100
0 6
1 9
0 16
1 42
1 10
0 96
0 101
1 110
0 2
1 94
1 102
1 32
1 67
0 7
1 60
0 4
0 73
0 111
0 25
1 122
0 56
1 80
1 109
0 32
1 6
0 59
0 14
0 82
0 124
0 16
1 11
1 41
0 91
0 67
1 82
1 88
0 62
1 17
1 42
0 50
1 15
0 75
0 95
1 38
0 48
1 109
1 4
1 43
0 28
0 16
1 12
0 125
0 123
0 70
1 27
1 126
0 84
1 20
1 20
0 65
1 124
1 54
0 48
1 41
1 77
1 102
1 109
1 108
1 61
0 19
0 77
0 119
0 23
0 93
1 27
1 125
1 117
1 125
0 14
0 53
1 57
1 13
1 1
0 114
0 102
1 36
1 127
1 99
1 34
0 34
0 27
1 82
1 42
0 72
1 66
1 38
1 95
0 2
1 126
1 48
1 36
1 1
1 83
1 44
1 113
1 97
0 6
1 85
0 111
1 85
0 18
1 85
1 0
1 119
0 79
1 83
0 43
1 87
1 83
1 125
0 88
1 45
1 70
0 53
0 5
1 112
0 124
1 120
1 19
1 112
1 101
1 44
0 51
0 107
1 69
1 97
1 37
0 121
1 33
0 83
0 43
0 76
0 67
0 22
1 102
0 54
0 101
0 58
1 106
0 121
1 46
0 77
0 77
1 108
1 125
1 90
0 118
1 125
1 23
1 81
1 74
0 87
0 36
1 117
1 0
0 100
1 96
1 117
1 89
0
0
0
1
0
3
1
6
2
0
4
1
4
1
6
10
0
13
4
6
7
18
6
7
9
14
21
11
9
12
23
15
25
8
10
10
10
8
31
33
13
20
26
42
1
8
6
16
2
46
13
33
13
4
30
22
18
19
7
38
9
56
51
54
52
29
56
63
24
8
69
10
17
58
71
14
32
5
62
61
64
48
61
72
10
75
9
72
34
26
46
34
6
23
44
55
38
53
39
3
0
20
70
54
6
3
34
51
104
99
69
9
37
68
1
24
101
25
109
96
82
99
61
20
81
6
11

206 31
1 14
0 10
1 15
1 2
1 16
1 24
0 31
1 21
0 12
0 5
1 20
0 21
0 5
1 1
1 26
1 29
0 2
0 20
0 18
1 11
0 13
0 12
0 25
1 8
0 25
1 17
0 23
0 3
0 30
1 6
1 7
1 20
0 0
1 30
1 23
0 2
1 25
1 15
0 10
0 18
0 4
0 24
0 7
0 2
1 19
0 19
1 1
0 13
1 17
1 15
1 6
0 25
0 16
1 5
0 15
0 30
0 1
1 1
1 26
0 27
1 8
1 27
1 24
1 0
1 10
0 30
0 11
0 17
0 23
1 21
0 15
0 19
1 7
1 3
1 24
1 6
0 4
0 29
1 26
0 5
1 11
1 13
0 1
1 1
1 27
0 11
0 30
0 24
0 21
0 17
0 8
1 23
0 21
0 10
1 11
0 28
0 5
0 3
0 26
1 31
0 4
0 4
0 19
1 25
0 5
1 20
1 5
1 18
1 0
1 15
1 6
0 25
0 1
0 3
1 29
0 21
0 3
0 2
0 1
1 21
1 10
0 22
1 15
0 19
1 2
1 7
1 12
0 3
1 27
0 3
1 27
1 30
0 20
1 14
0 2
1 17
0 0
1 3
1 18
1 16
1 17
0 13
0 16
1 9
1 21
0 25
1 7
0 16
0 15
1 0
1 23
0 26
0 25
1 8
0 4
0 25
1 9
1 9
0 13
0 22
0 6
1 12
1 6
0 8
0 11
1 3
0 28
0 26
0 29
1 17
0 6
1 8
1 29
0 12
1 22
1 17
1 22
1 29
0 10
1 13
1 1
0 21
0 6
1 18
1 12
0 24
1 9
1 29
0 14
0 3
0 16
1 16
1 15
0 26
1 16
0 3
0 14
1 10
1 14
1 16
1 28
0 15
1 20
1 14
1 19
0 12
0
0
0
1
2
4
3
2
4
7
7
1
2
0
4
7
15
0
15
15
1
15
16
11
2
6
1
19
24
0
21

141 104
0 97
1 91
0 45
1 85
0 17
0 56
0 61
0 0
1 83
1 66
0 103
0 74
0 11
0 100
1 44
0 97
1 17
1 102
0 61
0 30
1 56
0 22
0 11
0 92
0 58
1 93
0 76
1 96
0 74
1 54
0 80
1 6
0 33
1 98
1 69
1 86
0 73
1 90
0 55
0 6
0 35
1 32
1 49
0 9
1 2
1 26
1 24
0 38
0 66
0 7
0 78
0 84
0 99
1 5
0 13
1 34
1 95
1 75
0 87
1 76
0 7
1 8
0 20
1 74
0 39
1 28
0 40
0 94
1 1
0 20
1 98
1 62
0 44
0 95
0 1
1 4
0 34
0 71
1 18
0 98
1 7
1 91
1 2
1 18
0 72
1 91
0 38
0 0
0 43
0 10
1 12
1 98
0 43
0 12
1 72
0 16
1 11
0 78
1 67
0 0
1 16
1 83
1 35
1 60
1 57
1 23
0 11
0 98
1 1
0 40
0 98
0 28
0 66
0 60
0 53
1 98
1 101
1 88
1 69
1 98
1 26
1 90
1 60
0 36
1 41
1 50
1 92
1 45
0 24
0 32
0 64
0 82
0 83
0 1
1 62
0 1
1 41
1 82
0 16
1 31
1 13
0
0
1
1
2
1
5
1
7
0
4
0
1
6
0
4
14
6
15
5
19
8
5
19
11
2
17
20
5
24
25
5
23
19
31
0
34
19
13
29
26
10
21
36
12
27
3
23
12
3
36
40
25
28
1
0
23
12
53
24
55
47
3
7
42
11
31
49
66
61
34
69
50
43
23
14
41
1
48
38
44
61
39
66
72
73
72
74
48
42
61
8
31
92
91
27
42
2
54
40
71
83
72
7

782 85
1 33
1 6
0 71
1 43
0 41
0 82
0 40
0 14
0 76
1 79
0 39
1 51
0 27
0 32
1 17
0 43
1 83
1 62
0 38
1 82
0 10
0 42
0 26
0 41
0 26
1 57
0 84
1 84
1 30
1 64
0 49
1 40
1 14
1 73
1 53
0 51
0 0
1 55
1 60
0 2
0 23
1 78
1 68
0 15
1 29
1 58
0 61
1 49
0 32
0 9
0 23
1 56
1 79
1 54
0 5
1 80
0 50
0 53
1 53
0 30
0 13
0 51
1 29
0 63
1 76
0 1
1 18
1 56
0 66
1 71
0 2
0 85
0 52
1 10
1 3
1 71
1 57
1 21
0 71
0 19
0 68
1 56
0 76
0 26
0 80
0 26
1 23
0 20
1 27
0 68
1 82
0 65
1 33
0 3
1 6
1 12
0 7
0 40
0 30
0 82
1 6
0 47
0 12
0 40
1 39
1 19
0 49
1 44
1 35
1 71
0 3
0 29
0 84
1 61
0 78
1 68
0 79
0 81
0 35
1 39
0 14
1 44
1 13
0 85
0 79
1 77
1 20
0 63
1 73
0 36
1 27
0 46
1 29
0 72
0 62
0 7
1 1
0 58
0 78
0 4
1 29
1 51
1 44
0 82
1 78
1 55
0 6
0 55
1 70
0 1
0 1
0 66
0 20
1 21
0 53
0 37
1 74
1 25
1 61
1 8
1 82
1 21
1 37
0 35
0 68
1 3
1 27
0 58
1 32
0 8
0 10
0 84
0 27
1 79
1 2
1 49
0 71
0 22
1 16
1 9
0 56
1 85
0 50
1 69
1 31
0 34
0 79
1 60
1 66
0 5
1 25
0 85
0 74
1 85
1 67
1 60
1 67
0 79
0 0
0 6
1 1
1 1
0 73
1 57
0 8
1 25
0 56
1 35
1 81
0 9
0 33
0 63
1 45
1 37
1 18
1 35
0 64
0 36
1 18
1 75
0 49
0 6
0 55
0 66
1 43
0 35
1 16
0 78
0 43
1 23
1 4
0 77
0 3
0 77
0 71
1 52
0 33
0 10
0 59
1 30
0 75
0 15
0 7
1 80
1 26
0 77
0 61
1 16
0 80
1 54
0 49
1 22
0 71
1 23
0 82
0 59
1 23
1 5
0 16
0 35
0 38
0 42
1 42
0 13
1 33
0 82
0 24
0 74
0 37
0 82
1 78
1 15
0 29
1 31
1 59
0 3
0 44
1 68
1 74
1 79
0 21
0 18
1 34
1 28
0 51
0 29
0 27
1 4
1 70
0 18
0 37
0 80
1 65
1 53
1 15
0 36
0 57
1 64
0 2
0 66
0 71
0 79
1 2
1 44
1 71
0 39
1 36
0 46
0 71
0 81
1 14
1 64
1 6
1 65
0 37
1 74
0 54
1 1
0 39
0 12
0 82
0 84
0 60
1 67
1 44
0 18
0 15
0 73
1 14
1 55
0 76
1 76
1 3
0 22
1 34
1 17
1 54
1 48
0 13
1 32
0 63
1 22
0 52
1 8
1 43
1 36
1 32
1 44
1 16
1 14
1 10
1 57
1 17
1 63
1 53
1 38
1 56
0 3
1 60
0 75
0 53
0 81
0 28
1 54
0 10
0 14
0 42
1 76
1 3
0 61
1 32
1 29
1 30
1 65
0 22
1 50
0 10
0 20
1 22
0 68
1 21
1 18
0 24
0 48
1 48
0 72
1 80
1 12
1 19
1 65
0 80
1 54
0 57
1 21
1 22
0 2
1 29
0 27
0 71
0 21
0 25
1 15
1 83
1 77
1 52
1 83
1 2
0 3
1 13
0 16
1 44
1 46
1 55
0 83
0 36
0 85
0 59
0 77
1 69
1 85
0 46
0 50
1 66
0 55
0 77
1 24
0 66
0 12
1 83
0 65
1 78
1 23
1 3
0 65
1 83
1 73
0 79
0 48
0 30
1 14
0 53
0 41
0 25
1 56
1 58
1 56
1 25
0 46
1 77
1 5
1 21
1 11
1 18
0 18
1 2
0 81
0 16
0 79
1 85
0 73
0 28
1 10
1 58
1 84
0 72
0 64
0 79
0 24
1 30
0 11
0 43
0 37
1 36
0 43
1 50
0 64
0 26
0 67
0 64
0 39
1 7
0 57
0 49
1 66
1 32
1 71
0 82
1 78
0 31
0 71
1 22
0 24
0 9
0 12
0 58
0 33
1 56
0 5
1 75
0 65
0 51
1 46
1 71
1 73
1 12
0 70
1 73
1 76
1 17
0 71
1 78
0 38
1 12
0 18
0 62
0 44
1 10
0 80
1 84
0 77
0 30
1 42
1 28
1 5
1 61
1 18
1 1
0 33
1 80
1 24
1 80
0 81
1 52
1 44
1 47
0 85
1 61
1 45
0 22
0 40
0 39
1 41
0 3
0 14
1 20
1 4
1 33
1 6
1 0
1 62
1 2
1 8
1 61
0 55
0 33
1 22
0 11
1 48
1 60
0 84
0 13
1 8
0 18
0 28
0 68
1 72
1 10
0 13
1 73
0 77
0 11
1 71
1 40
0 0
1 70
1 4
0 0
0 65
1 84
1 34
1 25
0 57
1 69
1 42
0 37
0 46
0 32
0 63
0 31
1 74
0 79
1 28
0 9
0 51
0 31
1 41
0 22
0 48
0 12
0 24
0 19
1 40
1 12
0 19
1 25
0 30
0 32
0 18
0 66
1 57
0 58
1 41
0 74
0 67
0 44
1 62
0 8
1 3
1 70
0 3
1 0
0 31
0 14
0 9
1 70
0 41
0 32
0 3
0 54
1 7
1 25
1 79
0 23
1 84
1 63
1 84
1 8
0 0
0 12
0 43
0 71
1 41
1 73
1 0
0 50
0 44
0 0
0 26
1 39
1 68
1 9
0 44
0 66
1 16
1 65
1 76
1 54
1 19
1 41
1 23
0 8
1 85
0 31
0 1
1 41
1 63
1 50
1 55
1 9
0 54
1 80
0 41
1 17
1 11
0 52
0 4
1 12
0 77
0 58
0 74
1 72
1 40
1 2
0 83
1 40
0 47
0 51
0 35
1 25
1 18
0 66
0 51
0 82
0 4
1 16
1 34
1 28
1 49
0 76
0 38
1 46
0 6
0 10
1 22
1 33
0 65
0 62
1 54
0 22
0 17
0 85
1 61
0 4
0 47
0 15
1 62
1 0
0 80
1 50
0 85
1 12
0 45
0 38
1 31
0 6
0 67
1 47
0 7
0 33
0 9
1 85
1 64
1 55
1 44
0 31
1 50
1 70
0 34
1 0
1 75
1 22
0 22
1 43
0 77
1 17
1 57
1 34
1 63
1 68
0 64
0 83
0 28
0 45
1 5
1 68
1 31
0 2
0 16
1 85
0 70
1 32
0 71
1 79
1 31
1 46
0 64
0 64
1 2
1 25
0 15
0 64
1 26
0 30
1 37
0 56
1 80
1 58
1 43
1 85
0 13
0 56
0 21
0
0
1
1
2
0
0
5
3
1
9
6
7
6
5
14
14
5
2
9
10
1
11
7
14
13
4
5
22
13
12
7
30
13
18
23
21
5
23
27
13
27
20
20
18
12
36
43
37
42
20
7
48
5
34
32
43
3
2
24
21
51
59
19
29
48
22
66
5
33
55
36
61
39
30
31
75
33
7
4
29
57
15
11
14

135 67
0 16
0 35
0 50
1 2
0 49
1 9
1 45
1 53
0 31
0 40
1 9
1 27
0 50
0 52
1 10
0 12
0 19
1 39
0 6
0 1
0 6
1 38
0 25
0 22
1 10
1 26
1 23
0 5
1 56
0 62
1 37
1 25
1 47
0 30
0 48
1 47
1 39
1 63
0 64
0 10
1 60
1 53
0 32
0 64
0 15
1 4
1 9
0 46
0 60
1 4
0 63
0 67
0 25
0 18
0 59
0 1
0 58
1 23
0 23
0 14
0 2
1 55
1 50
1 55
1 50
0 36
1 55
1 46
1 22
1 38
0 4
0 15
1 15
1 39
0 13
1 4
0 12
1 50
1 53
1 67
1 50
0 3
0 6
1 4
0 27
1 47
0 46
0 64
1 63
1 56
1 30
0 60
0 4
1 40
0 59
0 17
0 64
1 8
1 2
0 4
1 24
0 12
1 36
1 66
1 23
1 35
0 58
1 41
1 66
0 19
1 61
1 36
1 25
0 0
0 6
1 8
0 5
1 10
0 66
1 26
0 5
0 27
0 20
0 57
0 54
1 33
0 25
0 5
1 22
1 55
0 12
0 66
1 27
1 42
0 64
0
0
0
1
1
1
5
6
4
0
4
9
8
8
0
10
0
3
2
7
4
2
18
16
8
11
2
5
21
4
16
13
29
1
3
34
3
16
1
28
17
20
19
34
7
18
18
24
29
11
17
29
9
39
12
50
3
2
11
48
19
27
18
45
17
37
40

658 51
1 18
1 35
1 32
0 26
0 27
0 15
1 34
1 22
1 49
0 33
1 10
1 21
0 7
1 11
0 50
1 0
1 14
1 17
0 20
1 6
0 33
1 47
0 49
1 27
0 30
1 44
0 29
1 51
1 17
0 16
1 3
1 8
0 1
1 45
1 23
1 11
1 44
1 0
1 49
0 10
0 19
1 18
1 16
0 30
0 43
0 42
0 40
0 50
0 43
0 32
1 43
1 3
0 22
1 31
0 32
1 34
1 23
1 32
0 45
0 36
0 7
1 3
0 33
0 49
1 15
1 40
1 19
1 34
0 0
1 45
0 26
1 24
1 7
0 47
1 31
1 28
0 43
1 45
1 51
0 24
1 7
1 19
1 1
1 41
1 28
1 41
0 31
1 48
1 13
1 48
1 43
1 24
0 17
1 28
0 21
1 36
1 7
0 40
0 23
1 18
0 0
1 18
0 48
1 6
1 41
0 10
0 43
1 3
0 47
0 51
1 4
1 1
1 27
0 20
0 12
1 31
0 23
1 41
1 1
1 39
0 33
0 4
1 10
0 47
1 5
1 24
0 15
0 0
1 1
1 25
1 40
1 10
1 37
1 48
1 15
1 50
1 35
1 47
1 0
0 1
0 24
1 39
1 35
1 33
1 42
1 32
1 21
0 23
1 26
0 39
1 34
0 48
1 13
1 25
1 22
1 21
1 47
0 34
0 17
0 43
0 27
0 0
1 39
1 16
1 45
1 0
0 40
1 1
1 46
0 31
1 51
1 49
1 3
1 30
1 44
0 14
0 21
1 9
0 6
0 23
0 2
0 42
1 42
0 27
1 49
1 16
0 48
0 33
0 22
0 19
0 19
0 45
1 34
0 20
1 8
0 3
1 45
1 5
1 8
1 39
1 47
1 1
0 49
1 6
1 8
1 43
1 36
1 37
1 8
0 32
0 28
0 10
1 12
1 49
1 11
1 22
0 49
0 1
0 37
0 32
0 0
0 36
0 17
0 41
0 8
0 26
1 47
1 1
0 30
0 47
0 5
1 4
0 37
1 26
0 26
0 11
0 42
0 39
1 1
1 18
1 3
1 16
1 51
0 39
1 47
0 26
1 35
0 21
1 5
1 13
0 43
0 33
0 13
1 51
0 43
1 26
1 30
0 47
0 10
0 32
0 40
1 38
0 15
0 12
1 8
1 40
1 32
0 38
1 16
0 2
0 15
0 25
0 49
0 3
0 1
1 48
0 40
1 27
1 36
1 5
1 13
1 51
1 43
1 3
0 10
0 27
0 8
0 18
0 45
0 21
1 23
0 43
0 35
0 16
1 0
1 49
1 44
0 5
1 46
0 41
1 18
1 42
0 6
0 19
0 19
0 31
0 48
1 9
0 34
1 24
0 46
1 15
0 21
1 16
1 10
1 49
0 36
1 39
1 4
1 1
0 44
0 25
0 15
0 35
1 14
1 2
0 37
0 2
0 9
1 41
0 3
0 48
1 30
0 10
1 41
0 22
1 15
0 37
1 45
1 21
1 34
1 32
0 39
1 31
1 35
1 29
0 36
0 13
0 28
1 46
1 44
0 6
0 31
0 23
0 40
1 18
0 23
1 39
1 25
0 46
1 20
1 22
1 25
1 35
1 24
1 23
1 41
0 35
0 38
0 25
1 7
1 12
1 49
0 50
0 12
1 40
1 11
1 6
1 47
1 19
0 45
0 34
1 35
0 18
0 40
1 6
1 12
0 28
1 14
0 38
1 37
1 38
0 32
0 34
1 27
1 24
0 5
0 30
0 22
1 4
0 7
0 14
0 22
1 22
0 7
1 20
0 50
1 22
0 45
0 49
0 16
1 4
0 50
0 7
0 12
0 25
1 4
0 51
1 2
0 8
1 44
1 10
1 51
1 22
1 21
1 24
1 42
0 29
1 20
1 27
1 22
1 2
0 7
1 25
1 26
0 42
1 48
1 20
1 19
1 1
1 35
1 0
1 30
0 7
0 44
1 43
0 9
1 21
1 35
0 3
1 24
1 37
1 51
0 1
1 5
1 42
0 16
0 49
0 24
0 30
1 2
1 8
0 1
1 50
0 2
0 43
0 3
1 45
1 41
0 24
1 5
0 47
0 7
0 47
0 45
1 42
0 48
1 41
0 26
1 26
1 36
0 20
1 50
0 50
0 16
1 43
1 48
0 29
1 21
1 14
0 33
1 33
1 35
0 16
1 24
0 44
0 36
0 23
0 38
0 27
1 17
0 47
0 37
1 3
1 37
1 49
0 50
0 5
0 19
0 34
1 9
1 44
1 22
0 50
1 34
1 18
0 17
0 51
1 31
1 24
0 31
0 9
1 37
1 15
0 24
0 35
1 23
0 33
0 38
1 19
1 27
0 40
1 7
0 39
1 5
1 34
0 26
1 1
1 2
1 33
0 17
0 9
0 47
0 0
0 19
0 21
0 36
1 5
1 43
0 0
1 8
1 19
1 9
0 14
0 11
1 34
0 7
1 7
1 38
1 30
1 30
1 11
1 8
0 14
0 21
0 23
1 17
0 31
0 11
0 8
0 45
0 36
1 30
0 19
1 17
0 0
1 6
1 8
1 10
1 51
0 26
0 38
1 23
1 27
1 23
0 21
1 29
1 21
0 47
0 29
1 49
0 46
0 25
0 25
1 5
1 48
0 20
0 28
1 13
0 28
1 33
0 23
1 16
1 3
1 13
1 34
0 34
0 44
1 41
1 3
1 44
1 50
1 8
1 48
0 8
0 15
1 20
1 17
0 1
0 49
1 12
0 10
0 12
0 17
0 33
0 24
0 14
1 42
1 31
0 1
0 12
0 40
0 33
0 6
0 46
0 24
0 31
1 18
0 15
1 30
1 39
0 26
1 34
1 47
1 25
0 44
1 13
1 28
0 29
0 42
0 4
0 18
0 1
1 22
1 42
0 47
0 47
0 34
0
0
0
2
0
4
1
3
4
8
6
6
7
0
3
3
0
8
5
3
9
8
5
4
11
20
22
15
21
14
8
9
15
19
23
7
29
4
30
3
9
27
25
11
18
3
9
5
15
38
42

692 71
1 64
1 61
0 66
1 1
1 50
1 3
0 39
1 49
0 25
0 12
0 47
1 68
0 2
1 0
0 52
0 3
0 61
0 33
0 26
0 20
0 18
1 54
0 58
0 13
0 33
1 70
0 28
1 37
0 11
1 64
0 42
1 18
1 43
1 23
1 60
1 41
1 8
0 29
1 6
0 46
1 20
1 58
0 6
0 66
0 19
1 21
0 36
0 59
0 58
1 26
0 45
1 12
1 64
1 25
0 26
1 39
0 3
0 13
0 11
1 2
0 68
0 54
1 14
0 31
0 53
0 31
0 13
1 42
1 34
1 54
0 69
1 66
1 38
1 65
0 31
1 70
1 68
1 41
1 23
1 51
0 38
1 55
1 45
1 14
0 6
0 12
1 65
0 70
0 46
1 69
0 49
0 7
1 27
1 19
0 40
0 58
1 39
1 60
1 71
1 21
1 55
0 17
0 67
0 14
1 19
0 13
0 58
1 3
0 50
1 40
0 33
0 25
1 41
0 34
1 9
0 17
0 63
1 27
0 25
0 18
1 36
0 31
1 15
1 29
1 26
1 50
0 12
0 5
0 12
1 33
1 66
0 50
1 43
0 8
0 26
1 52
0 20
0 16
1 22
1 51
0 5
0 24
1 71
1 37
0 62
0 53
0 5
1 45
0 53
0 38
1 64
0 23
1 38
1 59
1 17
0 25
1 6
1 61
0 43
1 66
0 13
1 21
1 38
1 34
1 2
1 53
1 44
0 24
1 39
1 59
0 15
0 27
0 37
0 66
1 41
1 53
0 10
1 16
1 71
1 45
0 49
0 49
1 69
1 27
1 27
1 12
0 11
0 43
1 26
1 20
1 9
0 71
1 20
1 33
1 56
1 31
0 66
0 39
1 34
0 57
1 15
1 49
0 6
1 11
0 62
0 41
0 39
1 16
0 59
1 0
0 68
0 17
0 15
1 36
0 62
0 34
1 52
0 11
0 9
0 68
0 47
0 4
0 55
1 12
0 66
1 5
1 25
1 63
0 63
1 19
0 66
0 5
1 69
1 32
0 71
1 62
1 31
1 41
1 71
1 66
1 38
1 51
0 29
0 64
1 17
0 31
0 54
1 49
1 62
0 45
0 37
1 29
0 4
0 11
1 5
0 2
1 2
1 11
1 27
1 30
0 57
1 45
1 17
0 46
0 64
1 51
0 55
0 63
1 34
1 0
1 2
0 59
1 23
0 42
0 54
0 1
1 63
0 5
0 21
1 16
0 41
1 9
1 5
1 54
0 52
0 13
1 7
1 57
0 62
1 47
1 26
0 47
1 24
1 49
0 55
1 10
1 19
0 19
0 15
1 36
1 30
1 5
1 36
0 10
0 60
0 47
1 26
1 0
0 45
1 56
0 47
1 48
0 22
0 12
0 3
0 67
1 49
0 13
0 65
1 55
1 38
0 61
1 42
1 15
1 16
1 70
0 13
1 38
0 57
0 3
1 12
0 16
0 19
0 17
0 34
0 29
0 34
0 53
0 20
0 55
0 10
0 57
0 27
0 24
0 15
0 0
1 31
0 65
1 1
1 34
0 22
1 35
1 30
1 5
1 58
0 16
0 27
0 26
1 56
0 11
0 1
0 61
0 49
0 39
1 38
0 41
0 56
0 40
1 36
0 13
0 53
0 50
1 1
0 57
0 13
0 64
1 64
1 44
0 49
1 48
1 40
0 56
0 58
1 54
1 33
0 47
0 36
0 43
1 51
1 68
1 19
1 49
0 22
0 55
0 53
0 8
1 65
0 8
0 13
0 6
0 59
1 56
0 69
0 58
0 49
0 59
0 15
1 31
1 65
0 41
1 15
1 16
0 56
0 44
0 6
0 62
1 50
0 32
0 19
1 37
1 26
0 17
0 16
0 51
0 67
0 44
0 28
1 45
1 52
0 15
1 3
1 54
1 7
0 26
0 3
0 37
0 15
1 66
0 29
0 5
1 52
0 8
0 65
0 34
0 25
1 70
1 42
1 41
0 16
1 13
1 7
0 24
1 6
1 56
1 18
0 16
1 36
1 15
0 53
1 67
0 24
0 13
1 25
0 31
1 23
0 9
1 34
0 60
1 26
1 0
0 51
1 65
0 31
1 14
1 25
1 3
0 58
1 14
0 16
1 29
0 20
0 46
0 66
1 10
1 36
1 51
1 22
0 52
0 16
0 62
1 32
1 58
0 11
0 17
1 9
1 38
0 39
1 55
0 11
1 28
0 37
1 54
1 27
0 14
1 45
1 20
0 69
0 25
0 58
1 24
1 27
1 15
0 64
1 22
1 61
1 38
0 6
1 31
0 40
0 53
1 16
0 12
0 63
1 11
0 4
1 30
1 50
0 65
1 29
1 50
0 22
0 63
1 42
1 13
1 36
0 33
0 49
1 4
1 40
1 15
1 43
1 8
1 15
1 30
1 29
0 47
0 66
0 47
1 35
0 31
1 6
0 62
1 1
0 38
0 46
0 30
1 19
1 71
1 7
0 13
1 18
0 37
0 62
1 64
0 8
1 50
1 2
0 34
1 13
1 59
1 41
0 36
1 46
0 63
0 24
1 18
0 34
1 68
0 17
0 0
0 35
0 8
1 11
0 20
0 25
0 14
1 25
0 37
1 15
0 44
0 57
1 15
0 16
1 38
1 54
0 63
1 9
1 52
1 11
1 28
1 21
1 38
1 13
1 8
0 51
0 20
0 55
1 1
1 8
1 53
1 38
1 52
1 36
0 43
0 22
0 24
0 54
1 58
0 39
1 37
1 65
0 47
1 6
1 37
0 10
1 43
0 13
1 17
1 63
0 16
0 32
1 48
0 30
1 65
1 25
1 38
1 12
1 39
0 12
1 57
0 34
1 39
0 36
0 32
1 45
1 6
0 66
0 44
1 48
1 63
0 58
1 33
0 2
1 3
0 35
1 13
0 30
1 20
1 15
1 13
1 67
1 32
1 33
0 15
0 8
0 24
1 53
1 11
0 56
1 40
1 14
0 64
1 18
1 31
0 22
0 67
1 28
1 56
0 5
1 4
1 9
1 25
0 55
0 1
0 53
1 12
1 20
0 64
1 51
1 49
1 14
0 53
0
0
0
2
2
2
4
5
5
5
9
4
0
9
12
13
4
16
3
14
5
4
0
14
21
17
3
6
25
21
19
3
12
25
24
7
27
13
25
23
21
6
7
36
0
31
19
27
20
27
36
0
17
50
22
34
24
53
47
3
37
51
11
13
52
19
20
12
50
46
10
