25

35 146
1 104
1 122
0 52
1 63
0 56
0 53
0 12
0 28
0 142
0 15
1 74
1 131
0 119
1 108
1 10
1 135
1 10
0 65
1 66
0 85
1 18
1 5
0 86
0 118
1 43
0 4
1 19
1 88
0 145
0 104
1 116
1 106
1 60
0 20
0 81
0
0
0
0
0
3
3
3
7
0
5
5
5
1
6
2
12
3
10
13
14
8
11
7
7
13
15
16
22
24
4
25
21
1
1
27
34
13
34
24
39
26
27
25
22
35
36
35
1
32
46
7
12
3
25
31
29
38
39
25
25
60
34
4
4
0
11
40
40
65
3
7
44
56
9
27
8
56
26
43
62
54
61
62
37
9
53
26
14
81
18
57
52
54
54
13
95
24
88
80
92
14
13
38
27
7
41
41
27
93
94
99
22
70
61
14
96
11
56
12
81
41
48
55
56
102
62
96
45
118
22
82
43
125
118
29
76
70
16
49
44
101
33
121
118
84

159 56
1 37
1 1
1 30
0 54
0 23
1 19
0 46
0 36
0 47
1 3
0 46
1 22
0 52
0 25
1 5
0 33
0 21
0 50
1 2
0 29
0 41
0 14
0 11
1 54
0 26
0 1
0 0
0 5
1 9
1 1
0 40
1 3
1 54
0 40
1 6
0 6
0 24
1 35
0 11
0 5
0 22
0 19
1 56
0 40
1 44
1 50
0 28
1 13
1 19
0 20
0 39
0 51
1 44
0 52
0 14
0 4
0 19
0 3
1 2
0 48
1 45
1 30
0 47
1 30
1 0
0 54
1 54
1 7
0 53
1 20
0 48
1 30
0 17
1 3
1 48
0 50
1 47
0 24
1 8
0 4
1 44
0 8
0 54
0 13
0 35
0 3
0 32
1 39
1 40
1 40
1 4
0 45
0 37
1 49
1 14
1 55
1 20
1 41
1 3
0 34
0 45
1 56
1 40
0 26
1 5
0 29
1 6
1 37
1 44
0 16
1 4
1 47
1 52
0 18
0 35
0 48
0 1
0 46
1 9
0 27
1 14
1 50
1 22
1 48
0 54
0 23
1 20
0 52
1 54
1 0
0 33
0 13
0 19
1 14
0 33
1 28
0 5
0 54
1 47
0 13
0 29
0 42
1 46
1 11
0 4
1 19
1 24
1 40
0 10
1 50
1 7
1 9
0 4
1 4
0 49
1 29
1 52
1 12
0 36
0
0
1
0
2
0
0
4
6
0
6
4
2
9
10
10
2
3
17
13
5
13
16
7
15
24
6
6
26
24
4
4
1
3
23
19
4
26
21
1
31
25
36
29
1
18
30
26
6
34
29
16
20
0
37
19

517 14
0 4
1 8
0 13
1 1
1 5
0 7
1 6
0 9
0 14
1 9
1 9
0 2
0 13
1 14
1 1
1 1
1 1
1 13
0 11
1 13
1 13
0 7
1 11
0 12
0 13
0 6
1 0
0 8
1 7
0 5
1 3
1 13
0 5
0 2
1 10
1 7
1 5
0 11
0 8
1 3
0 13
1 1
1 9
1 10
0 5
0 9
1 8
1 9
1 14
1 1
0 7
0 2
1 0
0 0
0 6
1 10
0 4
1 6
1 6
1 5
0 7
1 11
0 2
1 2
0 3
0 3
1 5
1 12
1 6
1 8
1 7
1 4
1 6
1 6
0 0
0 8
1 3
1 1
1 9
1 8
0 0
0 14
1 0
0 1
0 13
0 6
1 10
0 1
1 2
1 3
0 14
1 6
0 0
1 4
0 8
1 2
0 1
1 1
1 14
0 12
0 0
1 8
1 0
1 10
0 7
1 11
0 14
1 2
1 1
0 8
0 13
1 11
0 11
1 6
0 3
0 5
1 14
1 5
1 0
1 7
0 12
1 3
0 11
0 10
0 2
1 13
1 9
0 1
0 12
0 10
1 0
0 7
1 1
0 1
0 8
1 11
1 14
0 9
1 5
0 13
1 5
1 13
0 3
0 0
0 7
1 11
0 7
0 9
0 4
0 12
0 13
1 9
0 11
0 11
1 0
0 13
1 4
1 11
0 0
0 11
1 7
1 7
1 2
1 3
1 1
0 8
0 7
0 7
0 1
0 1
1 4
1 8
1 12
1 11
1 8
0 14
1 6
1 7
1 10
0 13
0 10
1 14
0 13
1 11
0 3
0 10
0 1
0 14
1 6
1 8
1 4
0 4
1 2
1 0
1 6
1 12
1 10
1 0
0 9
0 7
1 9
0 3
1 9
0 2
1 3
0 3
0 9
1 7
0 14
0 1
0 11
1 14
1 2
0 14
0 8
1 1
0 4
0 9
0 9
0 0
1 11
0 10
0 6
1 11
1 14
1 5
0 3
1 12
0 14
0 13
1 9
1 10
1 13
1 4
1 12
1 7
1 9
1 8
1 13
0 4
0 13
1 8
0 8
1 3
1 0
0 14
0 13
1 8
1 3
1 13
0 3
1 0
0 13
1 2
0 13
1 14
1 10
1 8
1 0
1 13
0 2
0 3
0 4
1 1
0 1
0 7
1 4
1 2
0 11
1 13
0 2
1 8
1 2
1 4
1 11
0 14
1 10
1 11
0 8
0 3
0 11
1 9
0 12
1 4
1 1
1 11
1 13
1 3
1 11
0 13
1 4
0 7
1 3
1 14
1 10
1 11
0 9
1 3
0 10
0 6
1 7
1 14
1 10
0 11
1 13
1 0
0 3
1 3
0 13
0 1
1 0
0 4
0 8
1 9
0 8
1 4
0 9
1 13
0 10
0 5
1 9
1 12
1 1
0 1
0 6
1 2
0 8
0 10
0 4
0 1
1 6
1 7
0 4
0 13
1 8
1 3
0 10
0 11
1 2
1 0
1 9
1 1
0 5
1 0
1 6
0 6
1 9
0 8
0 7
1 4
1 14
1 5
0 7
1 2
0 7
1 1
0 3
1 7
0 13
1 14
1 14
0 6
0 14
1 14
1 11
1 9
0 7
1 2
1 2
0 5
0 3
0 1
0 9
0 8
0 13
1 3
0 8
0 5
1 12
0 7
1 0
0 6
1 7
0 6
0 13
1 8
1 12
0 12
1 3
1 1
0 2
1 3
1 11
0 6
1 7
0 0
0 3
0 11
1 1
1 5
0 4
1 3
0 1
1 13
0 9
0 14
0 13
1 6
1 10
1 0
0 8
0 1
1 11
1 5
0 3
0 10
0 0
0 4
0 3
1 10
1 10
1 13
1 7
0 7
1 4
0 6
1 9
0 13
0 5
0 6
0 6
0 1
1 3
1 0
0 8
0 12
0 6
0 5
1 4
1 7
0 9
0 4
0 5
1 5
1 10
0 5
1 0
0 13
0 7
1 14
1 2
0 10
1 1
0 12
1 2
1 12
0 4
1 10
1 6
0 9
0 13
0 0
0 13
1 8
1 13
1 2
1 13
0 13
1 7
1 14
0 11
0 14
0 9
1 8
1 7
1 14
1 3
0 9
0 3
0 5
0 2
0 13
0 7
0 2
1 0
1 2
0 5
0 2
0 1
0 5
0 6
0 2
1 12
1 11
0 12
0 6
1 7
0 2
0 8
1 2
1 0
0 2
0 0
1 0
1 14
1 1
0 3
0 6
1 7
0 12
1 9
1 13
1 5
1 9
0 9
1 14
1 14
0
0
0
1
2
2
0
0
6
3
3
0
7
9

511 85
1 16
1 41
1 49
1 24
1 11
0 53
0 83
1 63
1 66
0 27
1 24
0 83
1 61
1 16
1 60
0 74
1 63
1 75
0 37
0 28
0 79
1 78
0 9
0 52
1 35
0 70
1 3
1 0
0 80
1 16
0 19
0 53
0 69
1 29
1 55
0 29
1 48
1 30
0 22
1 85
0 34
0 31
1 31
0 39
0 16
1 54
1 40
0 60
1 6
0 3
1 63
1 23
0 27
1 20
1 56
1 70
1 63
1 57
0 57
1 63
1 49
0 75
0 8
1 50
0 54
0 73
0 17
1 53
1 48
0 83
1 73
0 34
1 49
1 46
1 71
0 32
1 41
0 54
1 28
1 2
1 48
1 48
1 13
0 64
1 30
0 37
1 39
1 39
0 47
0 23
1 76
0 50
1 78
1 23
0 51
0 62
1 9
0 24
1 45
0 28
1 63
1 83
0 17
0 17
1 68
0 6
0 36
0 67
0 13
1 0
1 7
0 44
1 0
0 49
1 81
1 54
0 17
0 12
1 44
1 31
1 31
0 80
1 56
1 75
1 77
1 11
1 72
0 37
0 56
0 80
1 66
1 1
1 56
0 37
0 14
1 72
0 51
1 12
1 12
1 52
0 40
0 17
1 15
0 11
1 34
1 20
1 83
1 74
1 45
1 85
0 38
0 66
1 18
0 41
1 75
1 26
1 5
1 80
1 31
0 42
0 84
1 2
1 6
0 47
0 6
1 14
0 2
1 34
1 41
1 7
1 75
0 32
1 16
1 41
1 43
0 80
1 74
1 23
0 49
0 16
0 49
0 77
0 25
1 42
0 4
1 11
1 73
1 28
0 68
1 24
0 2
1 10
1 30
1 20
1 82
1 56
0 73
1 68
0 17
0 28
1 62
1 43
0 53
0 31
1 9
1 15
0 55
0 26
0 42
1 42
0 65
1 52
1 43
1 8
0 46
0 80
1 72
0 77
0 37
0 3
0 43
0 16
0 26
1 43
0 82
0 74
1 36
0 58
1 48
0 5
0 0
1 2
0 14
0 35
1 13
1 33
0 42
0 46
1 63
1 43
0 62
0 73
1 79
0 6
0 35
1 73
1 77
0 25
1 76
1 22
0 28
1 68
1 20
1 18
0 22
0 78
1 8
1 51
0 77
1 10
1 73
0 45
1 56
0 45
1 24
0 17
1 49
0 21
0 8
1 26
0 39
1 84
0 9
1 57
1 85
0 8
0 70
0 67
0 73
0 63
0 30
0 29
1 56
0 22
0 82
0 30
0 58
0 21
0 11
1 13
1 67
0 84
0 72
0 30
1 56
1 27
1 41
0 13
1 78
1 40
0 20
1 20
0 84
0 48
0 42
1 82
1 76
1 38
1 5
1 40
1 64
1 17
0 50
1 31
1 73
0 76
0 22
1 9
0 38
0 36
1 61
1 72
1 40
1 58
0 24
1 7
0 40
0 25
0 6
0 42
0 5
1 0
0 62
1 82
0 32
0 19
1 63
0 63
1 10
1 73
1 26
1 20
0 80
1 0
0 70
1 46
1 9
0 6
1 41
1 40
1 38
0 40
0 2
0 31
0 81
1 28
1 45
1 32
1 32
0 81
0 56
0 5
0 45
0 56
1 18
0 70
0 52
1 18
1 60
0 44
0 15
0 35
1 49
1 28
0 58
1 68
0 46
0 23
0 24
1 1
0 41
1 84
1 58
1 13
0 5
0 80
0 81
0 73
0 52
1 68
0 11
0 36
0 30
1 32
0 16
1 71
0 1
1 2
1 50
1 58
0 33
0 40
1 18
1 6
0 44
0 51
1 62
1 49
0 24
0 10
0 44
0 59
1 16
0 22
1 75
0 77
1 75
0 17
1 63
1 70
0 69
1 74
0 48
0 63
0 39
1 40
0 75
1 30
0 80
1 67
0 59
1 85
0 11
1 85
0 85
0 79
0 21
0 4
0 57
1 69
0 75
1 58
1 71
1 51
0 71
0 38
0 62
0 83
0 26
0 0
1 18
0 14
1 75
1 75
0 84
0 5
0 8
0 32
1 14
0 11
0 43
1 28
0 2
0 47
0 44
0 52
1 51
1 55
1 7
1 65
1 25
1 19
0 47
0 38
0 75
0 21
1 74
1 54
0 67
1 19
0 3
1 49
1 25
1 49
0 7
1 60
0 55
1 23
1 9
1 25
0 13
1 60
1 70
0 50
0 17
0 13
1 26
1 70
1 8
1 10
1 71
1 76
1 76
0 84
1 71
0 5
0 54
1 58
0 4
1 74
0 63
0
0
1
1
0
0
0
1
3
1
5
10
2
5
11
7
5
10
8
18
6
2
3
2
20
7
3
5
14
13
24
28
23
0
22
24
15
36
26
33
29
22
9
38
38
22
25
20
13
45
22
21
20
21
47
46
42
39
44
47
11
6
4
45
60
6
34
18
40
7
7
54
36
63
35
0
48
63
63
21
74
26
16
50
61

320 122
0 34
1 8
1 87
1 89
1 29
0 26
1 71
0 93
0 99
1 92
1 68
1 86
0 17
1 93
0 71
1 56
1 90
1 79
0 98
0 47
0 9
0 1
0 11
0 51
1 106
1 99
1 74
1 63
1 120
0 71
0 7
1 113
1 117
0 79
0 62
1 2
0 59
1 20
0 71
0 9
0 60
0 20
1 3
0 84
1 104
1 41
0 68
0 4
0 31
1 2
0 76
1 53
0 39
0 99
1 48
0 51
1 20
1 31
0 26
0 79
0 38
1 97
0 49
0 45
0 121
0 88
1 11
1 117
1 78
1 93
0 104
0 26
0 110
1 107
0 43
0 35
1 62
0 8
0 92
0 48
0 36
0 2
0 111
0 48
1 48
1 80
0 72
0 111
0 63
0 113
0 77
1 62
0 67
1 89
0 82
0 73
0 32
0 122
0 111
0 75
1 111
0 49
1 106
1 42
0 66
1 93
0 116
1 83
0 54
0 34
0 26
0 93
1 54
0 62
1 74
1 85
1 9
1 92
0 109
1 42
1 55
1 79
0 39
1 71
1 74
0 64
1 40
0 30
1 42
0 56
1 53
0 12
1 16
1 53
0 17
1 78
1 48
1 73
1 64
0 78
0 9
0 19
0 104
1 66
1 47
0 40
1 41
0 120
0 27
0 106
1 97
0 89
0 5
1 10
0 108
0 72
1 7
1 85
1 109
1 63
1 44
0 86
0 54
1 36
1 93
1 34
1 44
0 82
0 95
0 91
1 47
0 15
1 52
0 101
1 115
0 88
0 88
1 108
0 121
1 102
1 16
0 47
0 90
1 53
1 45
0 83
0 122
0 14
0 120
1 110
0 113
1 116
0 2
1 115
1 57
0 41
0 114
0 50
1 45
1 54
1 111
1 89
1 122
1 120
0 16
1 105
0 14
0 27
1 30
0 106
0 94
1 82
0 63
0 66
1 47
0 105
1 49
1 85
0 102
0 115
1 15
0 1
1 33
1 69
0 38
0 15
0 108
1 62
1 65
1 68
1 2
0 24
1 82
1 17
0 64
1 81
0 119
1 9
1 54
1 21
0 37
1 46
1 44
0 102
0 21
1 50
1 51
0 87
1 23
1 4
0 28
1 73
1 101
1 33
0 58
0 23
0 23
1 15
1 121
0 55
1 47
1 33
1 38
1 26
0 26
0 94
0 2
1 9
0 92
1 12
1 97
0 53
1 45
0 37
1 20
0 3
1 105
0 86
0 66
1 100
1 98
1 2
0 70
1 59
0 25
1 63
0 104
1 38
1 116
0 92
1 111
0 89
1 52
0 21
1 52
1 65
0 92
1 26
0 20
0 33
1 63
0 101
0 54
0 55
1 119
1 84
1 111
0 61
0 94
0 78
1 18
1 48
0 33
1 109
1 32
0 75
1 122
0 70
0 114
0 50
0
0
0
0
3
4
2
5
0
1
3
6
6
3
10
7
15
12
4
0
18
10
14
5
0
5
2
14
16
18
3
21
19
0
18
5
23
30
15
17
27
29
8
3
38
34
23
3
28
14
12
25
9
52
51
40
36
5
18
47
37
37
9
28
30
49
65
53
43
19
30
48
32
24
35
43
24
33
64
51
43
53
60
36
80
59
72
86
68
36
17
29
24
10
91
23
68
94
11
29
33
44
45
1
84
74
96
3
32
67
37
33
94
26
96
100
43
90
73
18
55
29

828 21
0 17
0 1
1 18
0 4
1 2
0 21
0 3
0 16
1 17
1 21
0 3
0 8
0 3
1 17
0 21
1 7
1 16
1 14
0 5
0 9
0 20
1 11
0 11
0 1
0 20
0 1
1 16
0 11
1 6
0 21
1 16
1 18
0 20
0 2
0 7
0 16
0 7
0 11
1 17
0 12
1 18
0 13
0 3
0 6
1 20
1 17
1 17
1 8
0 6
1 16
1 4
1 10
0 13
0 15
0 13
0 13
0 12
1 21
1 7
0 20
1 20
1 8
0 21
0 18
1 8
1 16
0 14
0 2
0 21
1 21
0 7
1 3
0 1
0 9
1 20
0 13
0 14
0 9
0 12
0 6
0 8
0 3
0 17
1 21
0 10
1 9
1 12
1 14
0 20
0 0
0 7
1 0
1 11
1 3
1 10
0 11
0 18
0 20
1 3
1 6
0 11
1 6
0 4
1 17
0 18
1 11
0 1
0 7
0 14
0 16
1 16
1 12
1 8
0 6
1 15
1 15
1 21
1 13
0 4
1 2
1 17
1 7
1 18
0 10
1 2
0 6
0 4
0 7
1 15
0 5
1 10
1 11
1 14
1 5
0 21
1 10
0 3
0 11
0 8
1 8
0 10
0 6
0 5
0 21
1 6
0 0
0 18
0 14
0 3
1 18
0 21
0 15
1 10
1 20
1 9
1 17
0 5
0 5
0 8
0 9
0 2
1 16
1 12
0 14
0 12
0 19
1 12
1 10
0 9
0 3
0 3
0 19
1 15
0 13
1 11
0 15
0 10
0 13
0 9
0 10
1 1
0 3
0 8
0 19
0 5
1 7
1 16
0 3
0 16
1 3
0 0
1 2
0 5
0 12
0 19
1 10
1 2
0 20
0 13
0 14
0 17
0 20
0 3
0 7
0 10
1 6
1 2
1 11
1 9
0 6
1 6
1 13
1 14
1 7
0 19
0 13
0 5
0 6
1 13
0 15
1 13
0 13
1 5
1 9
1 15
1 19
1 5
1 0
0 20
0 20
0 17
1 15
0 1
1 12
0 20
1 0
1 1
0 1
0 7
0 11
1 11
0 18
1 16
1 0
1 3
1 10
1 2
1 9
1 8
0 12
1 9
0 18
1 14
0 3
0 10
0 18
1 18
1 8
1 8
0 13
0 13
1 6
0 21
1 3
1 7
1 5
1 9
0 20
1 5
1 19
1 8
1 7
1 18
1 13
0 15
0 19
1 21
1 0
0 19
0 16
1 9
1 18
0 18
0 10
0 1
0 6
1 1
1 3
1 1
0 21
1 19
0 16
0 14
1 8
1 15
1 13
0 14
1 14
1 18
1 11
0 18
0 13
1 9
1 5
0 6
1 7
1 2
0 4
0 11
0 11
0 4
1 12
0 16
1 2
1 6
0 12
1 7
1 9
0 2
1 14
1 18
0 6
0 10
0 2
1 15
1 17
1 9
0 13
0 17
0 7
1 4
1 0
1 17
1 21
1 17
1 14
1 15
1 2
1 17
1 0
0 14
0 21
0 21
0 3
1 6
0 17
0 13
0 20
1 18
0 18
0 9
1 14
0 19
1 14
1 1
0 1
0 8
1 18
0 8
0 11
0 1
0 20
1 4
0 10
1 14
0 4
1 7
1 5
0 7
1 21
0 16
0 6
1 9
0 21
0 13
1 10
0 6
1 7
0 4
0 4
1 18
1 17
0 13
1 16
0 8
1 20
0 11
0 17
0 10
1 3
0 21
0 7
0 17
1 9
1 9
0 5
0 1
0 11
0 9
0 6
0 13
0 19
1 20
1 6
0 7
0 16
1 9
0 0
0 7
0 17
0 15
0 16
1 2
1 1
0 3
0 18
1 1
1 4
0 12
0 0
0 5
0 10
0 14
0 15
1 20
0 11
1 12
0 0
0 11
1 4
0 14
1 13
0 19
0 8
1 15
0 2
0 8
0 3
1 13
0 9
0 2
1 9
0 0
1 2
1 4
1 2
1 8
0 15
0 13
0 9
0 14
1 1
1 6
1 8
1 14
0 2
1 19
1 15
1 3
1 21
0 2
0 20
1 13
1 1
0 20
0 3
0 14
1 18
1 12
0 7
1 4
0 8
0 9
0 16
0 0
0 4
1 11
1 14
1 14
1 12
0 3
1 9
0 3
0 19
0 1
1 20
0 5
1 5
0 20
0 2
1 10
1 14
0 19
0 20
0 5
0 11
0 3
1 2
0 6
1 4
1 15
1 8
1 8
0 17
1 4
0 18
0 12
1 4
1 8
0 15
1 15
1 21
1 16
1 9
0 10
0 17
1 4
0 2
0 6
0 10
1 9
1 6
0 7
0 9
1 7
0 12
1 14
1 14
1 7
0 7
1 5
0 11
0 0
1 12
1 15
1 0
1 7
0 4
0 4
0 21
1 10
1 12
0 2
1 8
0 10
0 7
1 13
0 9
0 20
1 13
0 3
0 20
0 5
1 6
0 4
0 16
1 2
1 13
1 8
0 7
1 14
1 17
1 19
1 17
1 4
0 15
0 21
0 11
1 1
0 10
1 15
1 15
0 1
0 11
0 17
0 13
1 2
0 14
1 7
0 4
0 17
1 6
0 0
0 6
1 14
1 2
1 15
0 9
1 11
1 7
1 13
0 20
1 11
1 1
0 12
1 18
1 8
1 13
0 18
0 13
0 1
1 12
1 3
1 13
1 19
0 8
0 21
0 14
1 20
1 4
1 16
0 21
1 1
1 5
0 0
0 1
1 21
1 13
0 6
1 20
1 20
1 9
0 5
1 12
0 7
0 19
1 17
1 4
1 21
1 15
0 16
1 17
0 1
0 19
0 19
1 7
1 8
0 7
0 6
1 19
0 8
0 13
0 19
1 10
0 4
0 7
1 2
0 17
0 7
1 1
1 1
1 12
0 4
1 19
0 4
0 13
1 15
0 18
1 5
1 15
0 4
0 11
1 18
0 13
1 8
0 16
0 18
0 17
0 2
0 4
1 13
0 14
0 13
1 4
0 21
0 1
1 20
1 8
1 11
0 14
1 1
0 17
0 7
0 20
0 15
0 0
1 3
0 8
0 17
0 9
0 8
1 5
0 8
1 12
0 8
0 0
1 17
0 9
1 3
1 7
1 0
1 1
1 13
1 7
1 17
1 7
0 15
0 1
1 15
1 1
1 19
1 20
0 11
1 13
0 4
0 1
0 19
1 11
0 7
0 4
0 14
0 5
0 12
0 12
0 18
0 12
0 14
1 13
1 1
0 6
0 8
1 13
0 12
0 2
0 18
1 5
1 7
1 8
0 3
0 19
1 20
1 5
0 12
0 0
0 9
1 14
1 9
0 20
0 5
0 12
0 11
0 18
1 13
1 4
0 18
1 21
0 9
1 5
1 0
0 9
1 2
1 14
1 6
0 18
0 2
1 7
1 17
0 8
0 10
0 9
1 14
0 17
1 6
1 9
0 5
0 9
1 0
0 21
1 7
0 4
1 20
0 7
0 11
0 8
0 9
1 5
0 21
1 17
1 13
1 6
0 16
0 6
0 20
1 6
0 13
0 14
1 11
0 1
0 19
1 0
0 17
1 4
1 9
0 11
1 4
0 20
1 0
0 15
0 9
0 5
1 11
0 12
0 11
0 15
1 10
1 3
0 4
0 10
1 11
1 3
1 12
0 19
1 3
0 6
1 9
0 3
1 11
0 12
0
0
1
0
3
3
1
5
7
6
3
5
10
8
6
12
7
1
0
8
13

802 83
1 24
1 83
1 53
0 49
1 41
1 4
1 59
1 11
0 72
1 79
1 69
0 58
1 24
0 6
1 58
1 34
1 65
0 79
1 36
0 37
0 65
1 61
0 5
1 37
1 47
1 55
0 44
1 55
1 11
0 82
1 71
1 6
1 33
0 21
1 29
1 42
1 28
1 64
1 12
0 48
1 55
0 15
1 81
0 76
1 2
1 8
1 66
0 70
0 18
1 62
0 55
1 70
1 55
0 55
1 73
0 49
0 44
0 13
0 9
0 19
1 82
0 14
0 74
1 25
1 56
0 39
0 3
1 13
1 67
1 73
0 46
0 7
0 52
0 8
1 10
1 28
1 35
1 7
0 79
0 6
1 57
0 16
1 38
0 15
1 82
0 51
1 73
0 40
0 71
1 7
1 37
1 61
0 72
0 69
1 66
1 12
0 21
0 39
1 59
0 32
0 69
0 6
1 29
0 63
1 46
0 11
0 74
0 46
1 47
1 39
1 37
1 21
0 82
1 50
0 46
1 67
0 50
1 45
0 77
0 79
1 14
1 72
1 0
0 48
1 46
1 52
0 23
0 20
1 69
0 47
0 21
1 50
0 6
0 5
0 21
0 73
1 15
1 41
0 81
0 54
1 39
0 11
1 68
1 14
0 79
1 80
0 78
1 0
0 0
0 15
0 46
0 43
1 39
0 19
1 8
0 26
1 26
0 48
1 9
1 83
0 20
0 55
1 72
1 52
0 1
0 38
0 30
1 45
0 10
0 36
0 10
0 22
1 63
1 61
1 58
1 58
1 37
0 79
0 14
0 76
0 45
1 43
1 66
1 59
0 51
1 21
1 50
0 61
1 1
0 68
1 69
0 75
1 16
0 31
1 77
0 30
1 62
1 9
0 17
1 3
1 48
1 42
1 33
0 53
0 63
1 71
1 34
0 63
0 46
1 64
0 20
0 21
1 53
0 37
1 22
0 80
0 64
1 50
1 42
0 15
0 52
0 33
0 53
0 59
0 12
0 83
1 9
1 40
1 28
0 38
0 59
0 19
0 62
0 74
1 7
0 6
1 67
0 13
0 24
0 8
0 74
1 44
1 50
1 1
1 7
1 34
1 7
1 34
1 7
0 69
0 37
1 81
1 7
0 8
0 72
1 62
1 75
1 53
0 62
1 7
1 31
0 65
1 22
0 61
1 53
0 10
1 51
0 60
1 74
0 7
1 35
0 28
0 31
0 34
0 82
1 65
1 28
1 11
0 16
1 77
0 12
1 14
0 74
0 33
1 72
1 33
1 56
1 73
0 63
1 35
0 21
1 57
0 3
0 52
1 46
1 9
0 24
1 30
1 72
0 63
0 32
0 63
1 59
0 49
1 45
1 24
0 8
1 2
1 19
1 40
1 1
1 32
1 81
1 47
1 5
1 16
0 77
0 38
1 31
1 66
0 47
0 61
0 5
1 66
1 65
1 31
0 72
1 8
1 22
0 15
1 79
1 49
0 62
0 18
0 63
0 3
1 10
0 21
0 44
1 35
1 39
1 34
1 10
1 49
1 61
0 17
0 7
1 5
0 68
0 43
1 27
0 78
0 58
1 22
0 18
0 46
0 0
0 50
0 67
0 16
1 81
0 40
1 39
0 12
1 18
0 34
1 4
0 41
0 83
1 0
1 6
1 82
1 73
1 23
0 34
0 64
1 44
0 37
1 7
1 70
1 60
0 17
1 49
1 13
1 75
1 78
0 34
0 75
1 49
1 61
1 41
1 55
0 8
0 69
0 35
1 83
1 55
1 77
1 2
1 0
1 63
1 80
1 2
1 38
1 11
0 3
0 49
0 11
0 33
0 12
0 40
0 49
0 1
1 9
1 49
0 52
0 27
1 17
1 58
1 40
0 31
1 74
1 63
0 57
0 76
1 51
0 79
1 0
0 7
1 63
0 81
0 78
1 22
1 58
1 73
0 50
0 56
1 8
0 11
0 11
0 50
0 23
0 44
0 67
0 7
1 81
1 44
0 70
0 15
1 74
1 71
0 0
0 0
1 67
1 39
0 59
0 54
0 66
0 75
0 56
0 68
0 20
1 27
1 3
1 77
0 78
0 64
1 14
1 24
0 28
0 16
0 82
0 1
1 53
0 29
0 40
0 49
0 54
1 49
1 35
1 50
1 6
0 25
0 20
0 9
0 36
1 65
1 80
1 41
1 6
1 37
0 27
1 77
1 55
0 16
1 52
0 23
1 41
0 10
1 45
0 14
0 65
1 73
0 56
0 30
1 38
1 43
0 30
0 62
0 65
0 70
1 56
0 81
0 60
1 3
1 45
1 11
0 52
0 70
1 27
0 67
0 81
0 70
1 52
1 70
0 31
0 61
0 13
0 1
0 69
0 37
1 53
1 32
0 5
0 34
1 20
1 78
0 29
0 14
0 4
1 57
1 38
1 19
0 57
0 76
0 44
1 52
1 39
1 26
0 40
1 22
0 79
0 9
1 47
0 63
0 38
1 23
1 48
1 47
1 28
1 33
0 35
0 53
0 29
0 63
0 59
0 7
0 81
0 1
1 68
0 76
0 23
0 71
0 76
0 66
1 68
0 12
1 0
1 29
1 35
1 29
1 82
1 33
0 60
1 1
0 6
1 44
0 22
0 44
0 81
0 53
1 77
0 65
1 64
0 33
1 66
1 28
1 1
1 13
1 82
0 69
1 31
1 50
0 34
1 23
0 55
0 4
0 4
0 82
1 31
1 6
0 16
1 40
0 58
0 60
1 20
1 14
1 75
1 5
1 64
1 28
0 1
0 33
1 40
1 8
1 79
1 76
1 37
1 71
1 19
1 61
0 79
0 67
1 54
0 7
1 68
0 20
0 27
0 3
0 78
0 0
0 58
0 40
1 78
1 22
1 72
0 28
1 19
0 79
1 41
1 77
1 35
1 6
0 15
1 0
1 48
1 32
0 22
0 1
1 71
0 83
0 52
0 77
0 20
1 69
0 65
0 21
1 54
0 77
1 37
1 78
0 8
1 51
0 74
0 14
0 78
1 80
0 49
1 50
0 19
1 42
1 31
0 40
0 61
0 75
1 59
0 60
0 24
1 74
0 35
0 50
0 79
0 4
1 10
1 3
0 67
1 76
1 27
0 31
1 29
1 5
1 12
1 58
1 53
1 81
1 77
0 2
1 74
0 22
1 12
0 66
1 71
0 24
0 19
1 0
0 71
0 73
1 80
0 63
0 69
0 4
0 39
0 7
0 3
0 21
0 10
0 19
0 38
0 54
0 4
1 60
1 44
0 44
0 42
1 56
1 5
1 67
0 40
1 18
1 55
0 58
1 78
1 35
0 3
0 71
0 51
0 30
1 6
1 42
1 1
1 71
0 67
1 18
0 50
1 73
1 74
0 78
1 50
0 8
0 31
0 68
1 56
1 35
0 37
1 28
1 60
1 3
0 40
0 80
1 38
1 15
1 62
0 71
1 2
1 37
1 7
0 23
0 59
0 68
1 3
1 27
0 50
0 68
1 38
0 69
0 24
0 54
0 57
1 76
0 64
0 77
1 50
0 2
0 45
1 10
1 55
0 62
1 26
1 52
1 28
1 46
1 26
0
0
1
0
1
1
2
1
0
0
3
10
9
0
2
0
5
9
7
13
12
11
13
6
15
15
13
15
6
15
26
29
17
25
18
8
10
34
34
9
2
22
26
41
3
22
7
16
1
20
22
49
33
16
49
33
35
49
54
28
2
5
25
36
22
43
64
19
58
40
53
32
15
22
4
10
43
39
36
0
0
22
72

567 145
1 130
0 45
1 33
1 69
0 21
1 5
0 6
0 90
0 51
1 78
1 92
1 122
0 107
0 82
1 0
1 76
1 31
0 63
1 34
0 0
0 4
0 121
0 145
1 17
0 125
0 75
0 7
1 68
1 4
0 91
1 112
0 26
0 128
1 46
1 58
1 130
1 74
1 113
1 53
0 22
1 22
0 1
0 45
0 58
0 37
1 86
1 121
0 117
0 67
1 74
1 44
1 76
1 30
0 5
0 112
1 27
0 119
1 112
0 1
0 132
0 137
1 45
1 136
0 14
1 104
0 111
0 92
1 102
0 4
0 139
1 33
1 49
1 138
0 3
1 49
1 22
0 37
0 107
0 85
1 26
0 22
1 50
0 22
0 55
0 127
1 26
1 115
0 95
0 75
0 94
0 35
1 36
0 73
1 121
1 91
0 127
0 0
1 133
0 109
1 118
1 43
0 109
0 113
1 66
0 4
1 125
0 126
0 23
1 128
1 29
0 118
1 16
0 98
0 54
1 132
0 129
0 73
0 101
1 29
0 29
1 144
0 26
1 100
1 0
0 98
0 56
0 14
1 124
0 145
1 110
0 15
0 106
1 132
0 49
1 87
1 7
1 131
0 82
0 67
1 144
0 137
0 139
1 48
0 50
0 125
1 73
1 15
0 13
0 90
1 25
1 74
1 63
0 136
0 75
1 130
1 58
0 73
1 1
0 27
1 51
1 31
0 94
1 70
0 100
1 92
0 141
1 33
1 100
0 41
0 81
1 19
1 93
1 12
0 40
1 85
0 129
0 138
0 39
1 79
1 48
1 127
0 81
1 114
1 22
0 3
1 57
1 24
1 23
0 41
1 6
0 111
1 123
1 61
0 137
0 16
0 36
0 61
0 34
0 26
1 67
0 119
1 106
1 119
0 124
0 139
0 19
0 113
0 47
0 105
1 101
0 12
0 110
0 143
1 65
1 122
1 120
0 62
0 71
1 109
1 69
1 144
0 144
0 46
0 88
0 71
1 20
1 43
1 122
1 107
0 27
0 80
0 132
0 71
1 60
1 109
0 117
1 46
0 87
0 59
0 26
0 30
1 135
0 107
1 5
0 24
1 124
0 141
0 128
1 14
0 99
1 70
1 33
1 58
1 80
1 99
0 2
1 49
0 103
1 140
1 132
0 28
1 85
1 99
0 24
0 14
0 105
1 83
0 47
1 130
0 108
1 76
1 2
1 80
1 82
1 74
1 131
0 28
1 9
0 127
1 126
0 136
1 127
0 24
0 134
0 140
1 77
0 88
1 11
1 47
1 4
0 127
1 64
0 102
1 38
0 76
1 28
1 16
1 23
1 54
1 40
1 118
1 18
0 99
0 0
0 45
0 135
0 107
1 92
1 50
1 56
1 3
1 140
1 83
1 16
0 99
1 58
0 12
0 120
1 126
1 56
0 15
0 30
0 74
0 117
0 85
1 136
1 141
1 121
1 120
1 73
1 16
1 111
0 139
1 76
0 118
0 37
1 58
0 122
1 95
1 120
1 133
0 107
1 113
1 122
1 5
1 28
1 77
0 108
0 69
0 127
1 78
0 27
1 72
0 110
0 133
0 32
1 110
1 52
0 92
0 9
1 62
0 81
1 22
1 35
1 62
1 81
1 32
1 98
0 60
1 141
0 87
1 4
1 96
1 123
0 72
1 24
1 80
1 64
0 44
0 94
1 28
0 121
0 97
0 32
0 94
1 62
0 109
1 75
1 111
1 5
1 118
1 59
1 98
1 49
1 57
0 61
1 136
0 15
1 138
1 143
0 112
1 120
1 61
1 122
0 116
1 79
1 77
1 98
0 1
0 18
0 46
0 22
0 71
0 36
0 9
1 89
0 31
0 19
0 101
1 12
0 122
0 115
0 140
0 105
1 37
0 63
1 41
1 89
0 99
0 126
0 20
1 66
1 128
1 55
0 72
0 26
0 143
1 139
1 103
1 47
1 13
1 143
0 80
0 21
1 13
1 18
1 62
1 123
1 91
1 80
0 30
0 20
0 56
0 43
1 127
0 33
0 10
0 5
0 35
1 44
1 81
0 27
1 43
1 66
1 94
1 83
1 56
1 6
0 28
1 82
0 15
1 91
1 25
1 17
1 62
1 78
1 17
0 127
0 47
0 40
1 15
0 59
0 133
1 58
0 68
0 12
0 71
1 102
1 64
1 17
0 48
1 60
1 124
1 9
0 19
0 132
0 54
0 50
0 14
0 66
0 47
1 5
1 61
0 105
0 33
1 29
0 101
0 138
1 91
0 133
1 122
0 107
1 3
0 107
1 39
1 68
0 41
1 105
1 133
1 100
0 95
0 145
0 11
0 144
0 56
0 22
1 53
1 68
1 55
0 38
0 84
1 13
1 24
1 66
0 19
1 98
0 35
0 38
0 103
0 135
0 27
0 27
0 66
0 130
1 67
0 135
0 71
1 89
0 38
1 83
0 6
1 139
0 29
0 35
0 60
0 34
0 89
0 74
1 11
0 72
0 39
0 33
1 117
0 72
0 142
0 112
1 7
0
0
0
1
0
2
5
6
0
7
4
5
10
1
12
3
9
10
15
13
7
19
9
18
22
7
19
1
15
13
7
22
26
0
33
21
14
28
36
13
26
14
0
39
3
5
8
19
16
19
30
11
39
21
40
40
6
11
35
35
5
45
39
11
35
31
3
48
64
11
9
20
57
2
49
18
13
30
64
2
19
24
28
17
30
18
84
46
45
78
56
46
85
14
15
36
59
69
49
53
29
29
35
86
66
2
98
87
40
30
76
58
52
64
27
35
85
16
39
45
16
30
40
118
8
17
117
102
96
90
57
128
125
15
67
123
131
130
60
6
127
92
115
15
66

501 26
0 8
1 21
0 14
1 16
0 19
0 2
1 17
1 7
1 8
0 6
1 24
0 6
1 13
1 5
0 12
0 17
0 19
0 8
1 2
0 15
1 12
1 6
1 16
0 9
1 20
1 18
1 16
1 11
1 2
0 10
1 9
1 6
1 0
1 18
0 22
1 4
1 15
1 0
1 11
1 8
0 9
1 17
1 0
1 19
0 9
0 2
0 14
1 0
0 16
1 15
1 10
0 0
0 15
1 18
0 17
0 9
1 6
1 5
0 7
1 12
0 10
1 5
0 4
0 23
1 22
0 13
1 24
0 6
1 12
1 4
0 14
1 7
1 7
0 5
0 14
1 24
1 22
1 23
0 23
1 23
1 0
0 16
0 10
0 12
1 0
1 6
0 6
1 9
1 22
0 10
0 17
1 20
0 21
0 10
1 21
1 16
1 18
0 11
0 11
0 4
1 22
1 2
1 6
0 0
1 15
1 16
1 25
1 9
0 18
0 12
0 7
1 20
1 22
0 14
1 7
1 7
1 22
0 7
0 10
1 14
0 16
0 24
0 15
1 17
1 21
0 7
1 7
0 15
1 10
0 17
1 22
0 10
1 13
0 8
1 18
0 21
0 2
0 25
0 18
1 14
1 1
0 24
0 14
1 11
1 12
1 8
1 10
1 6
1 22
0 1
0 7
0 10
1 19
1 11
0 14
1 23
1 20
1 11
0 19
1 5
1 1
1 3
0 8
1 23
0 6
1 0
1 12
1 5
1 21
1 18
1 17
0 14
0 15
1 2
0 15
0 7
1 14
1 16
1 24
1 3
1 2
1 19
0 19
0 20
1 22
0 6
1 9
0 7
1 2
1 7
1 20
0 6
1 17
1 8
1 13
1 25
0 20
0 16
1 12
1 13
1 3
0 4
0 21
1 8
1 6
0 21
1 18
0 21
0 15
1 20
0 18
0 13
0 11
0 13
1 13
1 17
0 3
1 17
0 6
0 14
1 10
1 15
0 14
0 10
0 9
1 23
0 9
1 0
1 4
1 0
1 19
0 25
0 1
1 26
1 14
1 8
1 5
1 9
0 20
1 0
0 25
1 9
1 9
1 16
1 3
0 10
0 7
1 14
0 15
1 24
1 15
0 8
0 4
0 1
1 17
1 14
1 19
1 0
1 0
0 16
1 14
1 10
0 24
0 3
0 5
1 12
0 0
0 18
0 11
0 20
0 4
1 9
1 3
0 19
1 14
1 13
1 16
0 22
1 14
0 19
1 8
0 10
0 10
0 0
0 23
0 7
1 6
1 14
0 26
0 5
1 6
1 1
1 4
1 8
0 17
0 16
1 9
0 23
1 21
1 8
0 10
0 12
0 2
0 18
1 22
0 4
0 12
0 10
0 15
1 23
0 18
0 25
1 22
1 6
0 14
1 12
0 2
1 22
0 11
1 20
0 22
1 9
1 0
1 8
0 3
0 18
1 23
0 3
0 19
1 25
1 26
1 15
0 6
0 15
0 26
0 18
1 6
0 20
0 8
1 25
0 8
0 26
0 14
0 16
1 26
0 14
0 17
1 15
1 19
1 17
1 0
1 3
1 1
1 4
1 26
0 8
1 26
0 19
1 0
0 3
0 2
0 19
1 3
0 21
1 20
0 11
1 24
0 15
1 16
1 19
0 18
1 24
0 23
1 8
1 19
1 12
1 13
1 19
1 21
0 9
1 10
0 23
1 19
0 16
1 1
1 21
1 3
1 12
1 9
1 20
1 9
0 3
0 20
1 7
1 12
1 6
1 23
0 17
1 18
1 24
1 3
0 9
0 11
0 17
0 17
0 20
1 7
0 15
0 18
1 4
0 10
0 10
0 17
0 4
0 22
0 10
1 21
0 10
1 4
0 21
1 0
0 3
1 21
1 23
1 23
0 12
1 2
0 0
0 24
1 20
1 7
0 22
0 7
1 7
0 16
0 19
1 25
1 10
1 14
1 26
0 14
0 23
1 5
0 22
0 25
0 23
0 12
0 26
0 9
0 20
0 18
1 12
1 9
0 22
0 21
1 25
1 12
0 8
0 14
0 24
0 17
0 15
0 2
1 8
0 12
0 15
0 10
0 21
0 9
0 3
1 20
1 22
1 24
0 25
0 4
0 0
1 25
1 3
0 26
0 25
0 11
1 1
1 16
1 22
1 25
0 26
0 0
1 2
0 16
0 8
1 25
1 24
0 21
0 5
0 19
1 10
0 19
0 13
0 17
1 4
1 8
0
0
0
2
3
3
5
1
6
4
0
7
8
6
9
8
3
11
0
2
2
2
12
7
7
24

71 57
0 48
1 56
1 1
0 54
1 11
0 2
0 11
1 52
1 1
0 42
0 45
1 2
0 48
0 2
0 12
1 56
1 53
1 37
0 26
1 14
0 57
0 47
0 47
1 26
1 22
1 26
0 8
1 40
1 11
1 43
0 53
0 30
1 44
0 21
0 37
1 36
1 36
1 18
0 31
1 8
0 6
0 10
0 54
1 32
1 42
0 6
1 36
0 30
0 53
1 54
0 35
1 45
0 3
0 48
1 21
1 18
0 29
0 0
0 40
1 43
1 6
1 40
0 8
1 21
0 4
0 28
1 52
1 51
0 57
0 31
1 0
0
0
1
0
2
2
3
1
2
0
3
3
11
6
8
1
11
13
5
18
15
1
5
18
9
23
14
7
18
1
22
10
2
24
31
25
17
22
25
28
38
4
9
19
15
22
22
44
20
5
19
24
32
47
5
27
33

481 87
0 25
1 56
0 72
0 45
1 34
0 39
0 49
0 49
1 6
1 65
1 20
1 39
1 18
1 2
1 8
0 51
0 6
0 13
0 58
1 82
0 77
1 29
0 78
1 22
0 22
1 10
0 74
0 28
0 46
0 58
1 77
1 80
0 46
0 82
1 65
1 37
0 29
0 33
1 57
0 1
1 56
0 79
0 45
0 24
1 85
1 39
1 29
0 14
0 38
1 13
0 48
1 24
0 0
0 11
1 48
1 42
0 26
0 47
1 66
0 23
0 20
1 24
1 36
1 5
0 0
1 15
1 49
0 25
0 57
1 66
1 54
1 72
0 73
1 40
1 8
0 53
0 60
0 65
1 7
0 15
0 6
0 74
1 56
1 12
1 55
1 12
0 70
0 22
0 23
1 24
0 8
1 68
1 42
1 1
0 77
0 86
0 71
0 22
0 53
1 71
0 55
1 17
1 16
1 34
1 67
1 37
1 60
0 43
0 61
1 2
0 71
0 67
1 41
1 12
1 36
0 80
1 26
1 24
1 83
1 55
1 59
1 54
1 46
0 61
1 73
0 12
1 32
0 38
1 72
0 61
0 79
0 59
0 83
0 56
1 58
0 25
1 71
0 1
0 21
0 85
1 24
0 41
0 60
0 84
0 45
1 83
0 37
0 13
0 81
0 43
1 2
0 49
0 19
0 85
0 83
0 39
1 79
1 13
1 58
1 39
0 15
1 87
1 34
0 67
1 36
0 79
1 39
1 74
0 80
0 81
1 17
1 21
1 40
1 72
0 36
0 71
1 85
0 28
0 78
1 34
0 26
1 60
1 69
1 27
1 42
1 47
1 8
1 62
0 18
1 48
0 66
0 75
1 25
1 33
0 53
1 63
1 63
0 21
0 80
0 42
1 3
1 60
0 24
0 39
0 63
0 40
1 13
1 7
0 30
0 22
0 86
1 30
1 31
1 60
1 70
1 24
0 58
1 56
1 14
1 13
1 35
0 81
0 27
1 76
0 39
1 14
0 0
1 57
1 37
0 33
1 55
1 8
0 7
0 0
0 51
0 71
0 67
0 30
1 2
0 68
0 3
0 32
1 43
0 83
1 74
1 40
0 6
1 15
0 70
1 42
0 69
1 23
0 10
1 73
0 47
0 11
0 50
0 46
1 21
0 53
1 51
0 17
0 77
1 0
0 80
0 30
0 17
1 72
0 12
1 71
0 43
1 69
1 70
0 2
1 27
0 75
1 83
1 74
0 3
0 19
0 85
1 46
1 78
1 3
1 20
1 84
1 75
0 67
1 72
0 68
0 39
1 29
0 37
0 78
1 54
0 0
1 20
1 77
0 67
0 32
1 20
0 49
1 54
0 84
1 29
0 31
1 35
0 50
0 33
1 6
0 45
0 38
0 14
1 69
0 61
1 41
1 25
1 36
0 86
1 15
0 18
0 22
0 85
0 74
0 13
1 40
1 31
1 50
0 81
1 47
1 73
0 39
1 23
0 84
1 33
1 49
1 78
0 46
0 32
0 38
0 47
0 12
0 5
0 59
1 39
1 34
1 77
0 57
1 42
1 21
0 19
1 55
1 38
1 9
1 3
0 30
1 29
0 17
1 12
1 74
0 69
0 46
1 28
0 46
0 45
0 61
0 7
1 26
1 66
1 17
1 59
0 0
1 2
1 6
1 21
1 64
1 44
0 3
1 51
0 25
1 25
0 67
0 5
1 22
1 68
1 53
0 55
0 31
0 14
1 50
1 11
1 79
1 70
0 81
1 84
1 67
1 83
1 87
1 86
1 63
1 27
0 64
1 52
1 62
1 37
1 28
1 1
1 10
1 27
0 35
0 69
1 36
0 74
0 51
1 75
1 55
0 12
1 59
0 34
0 32
0 69
0 4
0 19
1 81
1 37
1 84
1 64
0 85
0 73
1 72
0 83
0 78
1 36
0 82
0 66
0 36
1 82
0 50
1 39
0 19
0 79
0 30
1 82
0 59
1 47
0 27
0 74
1 86
1 52
1 69
0 42
0 50
0 17
0 52
1 21
0 9
1 81
1 49
1 32
0 35
1 83
1 15
0 84
0 81
0 68
1 41
0 74
1 26
1 32
1 80
1 27
1 26
0 52
0 50
0 62
0 81
1 9
0 12
1 4
1 71
1 22
0
0
1
1
0
1
1
0
7
8
3
8
9
1
1
6
3
10
15
12
0
10
4
18
15
21
14
13
13
4
22
1
30
1
7
31
3
21
5
7
11
26
25
8
8
8
32
23
23
28
47
14
14
46
53
6
16
44
53
16
12
39
42
3
21
22
31
11
59
9
9
29
27
60
59
71
10
75
36
1
57
69
22
3
67
51
53

443 83
1 60
1 36
0 43
0 74
1 45
1 57
0 9
0 32
0 13
0 50
1 43
0 81
1 16
0 36
0 23
1 72
1 63
1 59
0 75
1 77
0 7
0 28
0 78
1 6
0 5
0 12
0 33
1 17
1 3
0 5
1 78
1 32
0 14
1 21
0 23
0 79
1 58
1 83
1 37
0 36
1 18
1 53
1 17
0 37
1 36
1 62
0 80
0 28
0 6
1 82
1 17
1 35
1 18
0 53
0 68
0 52
1 78
0 76
0 20
0 59
1 9
1 43
1 51
1 55
0 71
0 52
1 21
0 4
1 18
0 33
1 76
0 27
1 82
0 48
1 79
0 6
1 34
1 17
0 36
0 17
1 76
0 81
1 22
0 25
0 0
0 76
0 66
1 71
0 65
0 4
1 23
0 29
0 56
1 1
1 53
1 47
0 7
0 33
0 35
0 49
0 25
0 28
0 61
0 1
0 24
1 36
0 41
1 2
0 35
1 56
1 72
1 32
0 45
0 66
1 41
0 14
1 72
0 5
0 66
0 20
0 21
0 45
0 53
1 83
1 41
1 55
1 3
0 48
1 72
1 38
1 29
0 26
1 61
1 63
1 32
1 81
1 42
1 0
1 3
0 44
0 11
0 11
1 40
1 51
1 31
1 30
0 77
1 1
0 60
1 56
1 61
0 53
0 72
0 25
0 65
1 26
1 45
1 20
1 39
0 74
0 66
0 6
0 47
1 14
0 61
1 49
1 65
0 18
1 59
1 27
1 71
0 10
1 16
0 49
0 68
1 40
1 39
0 33
1 53
0 47
0 66
1 21
0 69
1 72
0 56
0 32
1 77
0 25
1 23
1 17
0 44
1 34
0 83
1 9
0 60
1 9
0 10
0 18
0 9
0 55
0 28
0 55
1 67
1 52
1 76
0 43
1 56
0 38
1 55
0 55
0 39
1 23
1 44
0 36
0 23
0 63
0 54
0 51
0 74
1 60
1 67
1 46
0 34
0 19
1 78
0 82
0 24
0 49
0 76
1 46
0 69
0 25
0 31
0 74
1 54
1 57
0 11
1 22
1 16
1 53
1 57
1 49
1 57
1 20
1 61
1 50
0 56
1 74
1 12
0 49
1 46
1 72
0 27
1 28
1 1
1 73
1 41
0 81
0 19
1 69
1 69
1 34
1 32
0 49
1 34
0 72
0 68
1 34
1 10
1 0
1 41
1 14
1 46
1 56
0 53
1 42
1 19
0 75
0 73
1 10
1 25
1 2
1 3
0 26
0 26
0 67
0 79
0 68
0 12
0 47
0 47
0 57
1 42
0 14
0 23
1 52
0 59
1 58
0 21
0 0
1 56
0 55
0 50
0 49
1 34
1 13
0 30
0 64
1 83
1 25
1 56
1 66
0 53
0 26
1 35
0 55
1 19
1 47
0 70
1 83
0 52
1 23
0 10
0 7
0 34
0 59
1 54
1 48
0 61
0 71
1 43
0 3
0 26
0 82
0 46
0 36
0 57
1 71
0 14
1 46
1 39
1 62
1 32
0 14
0 62
0 79
0 71
1 24
1 72
0 50
1 31
1 57
1 73
1 35
1 58
0 19
0 74
0 74
1 56
0 13
0 66
1 15
1 65
1 23
1 31
1 74
0 25
0 45
0 18
0 29
0 70
1 10
0 16
0 51
1 27
1 3
1 3
0 13
0 73
1 28
1 2
1 79
0 40
0 73
0 33
1 15
1 3
1 3
0 50
0 49
0 67
0 13
1 22
0 14
1 64
0 73
1 20
0 30
0 81
1 64
0 29
1 56
1 11
1 49
1 2
1 60
1 8
0 44
1 39
1 45
0 73
0 26
0 29
0 16
1 9
1 21
0 65
0 27
1 83
1 24
0 58
0 73
0 83
0 50
1 8
1 67
1 3
0 28
1 34
1 2
1 17
0 14
1 65
1 72
1 35
1 55
1 79
0 23
0 37
0 12
0 60
1 29
1 76
0
0
0
0
3
4
2
3
7
8
5
2
8
6
1
6
5
5
8
2
8
2
8
2
1
23
19
7
8
14
4
18
31
10
18
16
12
32
36
28
13
34
12
19
35
38
45
24
10
42
22
35
45
50
42
15
37
16
38
54
23
14
2
47
5
7
28
5
0
27
59
36
48
34
47
59
34
38
19
31
59
40
15

195 54
0 24
1 36
1 49
0 52
0 39
1 15
0 8
0 24
1 25
0 3
1 8
1 53
1 16
0 10
0 44
1 39
1 44
1 44
1 30
0 43
1 52
0 13
0 47
1 27
0 54
0 46
0 49
0 38
0 18
1 17
0 3
0 19
1 34
0 18
0 29
0 29
1 16
1 17
1 51
0 27
0 15
0 17
1 2
1 35
1 3
1 17
0 13
0 18
0 10
0 7
0 30
0 40
1 16
1 44
1 22
0 15
0 23
1 30
0 11
0 40
1 16
1 16
0 7
0 7
0 2
1 22
0 51
0 28
1 42
1 48
0 50
1 14
0 20
1 44
1 34
1 29
0 15
1 29
0 46
0 29
0 27
1 3
0 19
1 0
0 12
0 41
1 19
0 23
0 25
1 16
1 11
1 5
1 54
0 45
0 27
1 12
0 50
1 40
1 51
1 5
0 11
1 19
1 41
1 31
1 21
1 25
0 45
0 18
1 25
1 39
1 24
0 9
0 41
1 44
1 10
0 50
1 25
0 51
1 52
1 15
0 11
0 34
0 21
0 12
1 31
1 43
0 27
0 48
1 27
1 22
1 30
1 21
1 5
1 52
0 21
0 19
1 54
1 39
0 16
0 17
1 12
0 48
1 23
0 42
0 40
1 43
0 41
0 42
1 45
0 33
0 3
0 10
1 33
0 42
0 9
0 51
0 0
0 12
0 13
0 32
0 2
0 14
1 4
1 43
0 10
1 42
1 51
1 39
0 27
0 25
1 1
0 4
1 36
1 24
1 7
1 34
1 40
0 38
1 25
0 4
1 17
0 49
0 52
0 46
1 4
1 20
1 2
1 5
0 5
1 47
1 36
1 31
1 46
1 44
1 0
0
0
0
0
3
2
1
6
7
8
2
10
5
2
4
1
8
16
9
18
9
13
1
12
10
23
13
1
18
10
9
29
26
25
18
31
34
25
14
25
4
32
25
32
31
37
39
26
21
5
9
13
35
9

88 76
0 1
1 40
1 55
0 10
0 8
1 21
0 13
0 38
0 42
1 31
0 69
0 3
1 64
0 70
1 26
0 66
1 33
0 74
1 13
1 58
0 4
1 53
0 56
1 10
1 46
0 35
1 69
1 71
1 69
1 4
0 20
1 41
0 31
0 35
0 23
1 62
0 60
1 0
0 57
0 65
0 65
0 27
1 34
0 70
0 1
0 29
0 50
0 21
1 50
0 56
0 71
1 7
0 47
0 13
1 42
0 50
0 59
1 55
1 45
0 41
1 76
0 14
1 75
0 33
0 31
1 39
1 16
0 54
0 73
0 44
0 57
0 42
0 25
1 10
0 38
1 54
0 27
1 57
1 11
0 64
1 37
0 64
1 69
0 69
1 19
1 33
1 24
1 1
0
0
1
2
2
4
1
6
4
0
2
3
5
7
9
9
4
5
9
9
9
11
8
17
14
19
25
12
21
26
3
9
4
0
18
33
22
23
22
37
7
17
32
42
33
24
39
34
42
22
33
8
25
5
7
0
27
35
39
47
48
60
10
36
11
41
2
29
36
58
35
53
12
54
63
56

10 113
1 21
1 8
0 101
1 24
0 60
0 27
0 108
1 39
1 48
1 53
0
0
0
0
2
1
0
3
4
2
5
7
2
11
13
4
4
10
10
9
6
12
4
5
18
10
12
5
25
0
8
3
20
22
10
11
8
34
28
26
6
10
2
24
21
8
40
41
10
38
25
17
5
25
39
34
51
11
0
23
32
50
16
36
12
25
23
30
8
8
33
58
48
58
32
30
42
61
16
42
9
72
13
0
39
83
28
7
40
14
85
70
15
42
90
25
35
62
10
93
94
34
60
17
9
100
81
44
65
12
108
2
111

805 15
0 11
0 15
1 11
0 3
0 5
0 3
1 9
0 12
0 2
0 7
0 1
0 6
0 15
1 9
1 12
1 4
1 2
0 5
1 11
0 6
0 14
1 2
1 14
0 7
0 11
0 9
0 9
0 10
0 5
1 10
0 2
0 15
0 15
0 7
1 13
1 13
0 14
1 15
0 2
1 10
1 6
0 14
0 13
1 10
0 15
1 9
1 5
0 3
0 9
1 1
0 1
1 7
0 10
0 5
1 14
0 14
0 9
1 11
1 15
1 3
1 4
1 5
0 9
1 5
1 12
0 1
0 10
0 3
1 12
0 12
0 15
1 0
0 15
1 12
0 0
0 0
1 0
0 13
0 1
1 4
0 0
0 12
1 5
0 12
0 15
0 12
1 12
0 1
1 6
0 4
1 1
1 8
0 5
1 11
1 3
1 0
0 12
1 5
0 9
1 4
0 11
1 7
0 8
0 11
0 13
1 2
1 13
1 3
1 2
1 6
1 2
1 1
0 9
0 1
0 2
0 12
0 3
1 5
1 4
1 5
0 1
1 15
0 1
1 1
0 6
1 2
1 0
0 13
1 8
0 13
1 8
0 10
1 15
0 4
1 9
0 0
1 15
0 0
0 9
1 4
1 3
1 5
1 7
1 13
0 2
1 0
1 13
1 13
0 6
1 12
1 5
1 10
0 3
1 7
0 1
1 5
0 8
0 14
1 2
1 11
1 1
0 3
1 15
1 10
1 14
0 6
1 2
0 8
0 1
1 1
1 8
0 8
0 11
1 2
0 13
0 7
1 3
1 9
0 8
1 9
0 2
0 11
0 4
1 0
0 4
1 14
1 13
1 10
0 8
1 14
0 1
0 15
1 0
0 1
0 1
1 13
1 6
0 0
0 10
1 8
1 13
1 5
1 10
1 15
0 10
1 11
1 14
0 11
0 10
1 7
1 6
0 12
0 4
0 3
1 15
0 15
0 8
1 8
1 0
0 3
0 11
0 9
0 8
1 3
1 4
1 8
1 15
1 10
0 5
1 3
0 7
0 7
0 3
1 4
1 6
1 4
0 10
1 8
0 6
1 10
1 4
1 0
1 0
0 10
1 2
0 5
0 10
1 13
0 4
0 0
1 0
0 9
0 5
0 11
0 7
1 8
1 7
1 9
1 3
1 3
0 15
1 15
0 1
1 1
0 13
0 13
0 3
0 10
0 10
1 5
0 4
0 15
0 8
1 5
0 7
1 11
0 0
0 0
0 1
1 14
0 0
1 1
1 4
1 12
1 10
0 1
1 4
1 6
1 15
1 2
0 2
1 1
1 4
0 12
0 7
1 7
1 8
1 12
0 13
1 15
1 9
1 3
0 1
0 13
0 3
1 1
1 11
0 10
1 6
1 9
0 12
1 2
1 2
1 1
0 13
1 11
0 0
1 13
1 12
0 11
1 11
0 14
1 9
1 4
1 11
1 9
1 15
0 11
1 2
1 0
1 9
0 14
1 12
1 2
0 7
0 9
0 2
1 6
1 13
1 7
0 7
1 4
1 5
1 1
1 10
0 6
1 11
1 6
0 13
0 1
0 1
0 14
1 7
0 3
0 7
0 13
0 9
0 12
1 6
0 5
1 1
1 8
0 7
0 13
0 7
0 10
0 1
1 5
1 14
0 14
1 9
1 10
1 9
0 13
1 10
1 11
1 5
0 13
0 5
1 0
1 15
0 8
0 7
1 5
0 6
0 5
1 5
1 9
0 14
1 6
1 11
0 1
1 3
1 9
0 12
0 15
0 3
0 12
0 9
0 0
1 4
0 0
0 2
0 3
1 9
1 6
0 14
0 8
0 8
0 2
1 11
1 15
1 11
0 1
1 12
1 9
1 4
1 6
0 8
0 10
1 13
0 2
1 1
1 13
1 4
1 9
0 9
1 6
0 4
0 11
0 6
1 6
0 13
1 4
0 6
0 11
0 8
1 12
0 5
1 1
0 14
1 12
0 7
1 2
0 9
0 14
0 7
0 13
0 1
0 15
1 4
1 0
0 5
1 12
0 4
0 6
1 14
1 3
1 11
0 2
0 4
1 13
0 3
0 3
0 12
1 9
0 7
0 1
0 2
1 14
0 8
0 9
0 13
0 3
1 3
0 11
1 11
0 10
1 7
0 13
0 14
1 15
1 2
1 2
0 4
0 8
0 14
1 1
1 11
1 2
1 12
1 5
1 13
1 1
0 12
1 8
1 13
0 12
1 5
1 8
0 14
1 5
0 6
1 14
1 11
0 5
1 14
0 7
0 10
1 4
0 4
1 14
0 5
0 7
0 3
1 7
0 0
1 2
0 9
0 4
0 4
0 11
1 8
0 10
1 5
1 11
0 5
0 10
1 14
1 3
0 14
1 11
0 10
0 6
0 3
1 6
0 2
1 14
0 9
0 6
0 14
0 8
1 2
0 6
0 15
1 15
0 2
0 7
1 12
0 4
0 15
1 8
0 6
0 2
0 15
0 8
0 14
0 11
0 7
0 1
1 15
0 12
0 0
1 10
0 3
1 10
0 6
0 5
0 10
1 7
1 12
1 10
0 9
1 7
0 2
1 10
0 7
0 13
0 13
1 14
0 6
0 1
1 5
0 0
1 4
1 12
0 7
0 14
1 15
0 0
1 0
0 12
1 0
1 0
1 1
1 14
1 0
0 14
1 4
0 1
0 9
1 3
0 8
1 15
0 14
0 5
0 13
1 8
1 6
1 0
1 4
0 9
1 10
1 9
1 15
0 15
1 4
1 2
0 8
0 3
1 14
1 5
0 8
1 3
1 0
0 9
0 14
1 15
0 14
1 15
1 6
1 2
0 1
1 10
1 10
1 15
0 11
0 9
0 12
1 14
1 0
0 14
0 11
1 5
1 5
0 6
0 2
1 13
1 14
1 0
1 6
1 10
1 10
0 12
1 7
0 6
1 3
0 14
1 11
0 1
0 10
0 3
1 8
1 6
0 1
0 0
1 15
0 12
1 11
0 2
1 11
0 7
0 1
0 7
1 7
0 8
1 8
1 15
0 9
0 7
0 1
1 0
1 3
0 7
0 11
0 7
0 13
1 7
0 7
1 15
1 7
1 13
1 15
1 9
1 1
0 8
1 4
0 11
1 1
0 15
0 4
1 7
1 3
1 14
1 0
1 5
1 11
1 14
0 2
0 9
0 14
0 0
1 1
0 3
1 9
0 8
0 14
0 7
1 10
1 0
0 8
1 15
1 4
1 5
1 9
0 3
1 9
0 8
0 5
1 2
1 10
0 9
1 7
0 6
0 1
0 8
1 1
1 4
1 8
1 8
0 13
0 8
0 5
0 5
1 7
0 10
0 14
1 14
1 10
0 11
1 10
0 11
0 9
1 13
1 8
0 5
1 0
1 6
0 15
0 5
0 8
1 12
1 1
1 15
0 14
1 1
1 14
1 0
1 3
0 8
1 8
0 11
0 15
0 6
1 6
0 12
1 0
0 11
0 14
1 12
0 11
1 0
1 12
1 12
1 3
0 4
1 13
0 3
1 9
1 6
0 11
1 2
0 14
0 2
0 11
0 13
1 13
1 14
0 13
1 15
0 1
1 10
0 10
1 15
1 9
0
0
0
1
1
1
1
2
5
4
2
4
7
7
12

703 32
1 23
0 15
1 1
1 16
1 9
0 29
0 19
1 12
0 8
0 17
0 15
0 4
1 18
1 11
1 18
1 10
1 7
0 26
0 16
1 5
1 32
1 0
0 4
0 28
0 14
0 5
1 30
0 6
1 26
0 18
0 32
1 2
1 13
1 16
0 3
1 11
1 13
1 28
1 31
1 3
1 10
1 17
1 20
0 5
1 7
0 7
1 23
0 31
1 2
1 17
0 9
0 11
1 20
1 13
0 13
1 31
1 21
0 0
1 5
0 29
1 13
0 5
1 0
1 8
1 5
0 25
0 20
0 15
1 21
1 16
1 13
0 4
0 6
1 19
1 32
1 31
1 21
0 14
0 3
1 26
0 17
0 7
1 16
1 0
0 23
0 32
0 9
1 26
1 16
1 8
1 9
1 20
0 11
1 29
1 5
1 30
1 7
1 20
0 22
1 30
1 9
0 28
1 0
1 26
1 12
0 9
0 12
1 2
1 29
1 20
1 8
1 8
1 26
0 0
0 27
1 25
0 24
0 8
1 6
1 13
0 15
0 2
1 26
1 27
0 19
1 11
1 30
0 4
1 4
0 16
0 26
0 15
0 16
0 1
0 30
0 20
1 6
0 27
0 0
1 23
1 15
1 1
1 30
0 7
1 32
0 27
1 7
1 3
1 0
0 21
1 17
0 29
0 0
1 2
0 30
0 4
1 19
0 28
0 15
0 1
1 32
1 26
0 25
0 19
1 24
0 25
0 27
1 19
1 22
1 12
1 32
0 5
0 4
1 13
1 27
1 19
0 27
0 25
1 3
1 14
1 28
0 21
1 29
0 9
0 26
1 27
0 29
1 30
1 6
1 18
1 28
0 28
1 18
0 13
1 11
1 19
0 25
1 24
0 21
1 11
1 17
0 15
1 2
1 11
0 16
1 27
0 3
0 21
0 32
1 12
1 12
0 28
1 15
0 15
1 28
1 22
1 0
1 14
1 25
1 13
1 17
1 28
0 26
0 6
0 26
1 25
0 29
1 29
0 15
1 20
1 25
0 30
0 22
0 7
1 30
0 20
0 16
0 5
0 9
0 18
1 14
1 4
1 26
1 8
0 15
1 14
0 14
1 23
0 0
0 18
1 11
0 26
1 6
1 32
0 32
0 19
1 16
0 8
0 22
0 25
1 19
0 22
0 12
1 29
0 17
1 19
1 23
0 11
1 7
1 17
1 7
1 15
0 5
0 6
0 28
1 25
0 11
0 5
0 4
0 7
1 16
1 15
1 6
0 7
0 31
0 27
1 2
1 17
0 26
0 12
1 1
1 0
0 22
0 1
0 14
0 24
0 16
0 26
1 8
0 11
1 29
0 2
0 31
1 23
1 12
0 32
0 22
0 3
1 19
0 6
0 2
1 11
1 6
1 8
1 32
1 17
0 21
1 3
1 21
0 1
0 8
0 0
1 11
0 5
0 24
1 11
1 25
1 14
1 29
1 23
0 29
1 3
0 8
1 18
0 11
0 11
1 11
1 25
0 20
1 29
0 13
0 23
1 6
0 15
1 30
0 26
1 14
1 31
0 0
0 32
1 11
0 2
0 26
0 4
0 3
0 0
0 26
0 6
1 11
0 20
1 3
1 26
1 8
0 15
1 25
1 25
1 15
1 3
1 6
0 0
0 27
0 18
1 19
0 6
0 12
0 11
1 24
0 28
1 32
1 15
1 30
0 17
0 22
0 8
1 15
1 7
0 20
1 28
1 6
1 0
0 26
1 27
0 32
1 30
1 21
0 24
1 9
1 15
1 9
0 7
0 23
1 2
0 11
1 8
1 20
1 6
0 4
1 31
1 18
1 22
0 21
1 2
1 27
1 32
0 5
1 16
1 9
0 28
0 4
1 27
1 2
0 15
0 16
1 17
1 15
1 3
1 28
1 5
0 25
0 21
1 14
1 32
0 22
0 2
0 8
1 21
1 3
1 18
1 11
1 24
1 27
1 16
1 0
0 23
0 16
1 23
0 14
0 6
0 31
1 23
0 23
1 11
0 4
1 10
1 20
1 10
0 25
0 6
1 17
1 11
0 22
0 13
1 31
1 13
0 30
0 23
1 6
1 9
0 2
0 16
0 10
1 6
0 11
1 3
1 23
0 2
1 8
1 3
0 27
1 1
1 5
0 7
1 11
0 17
0 13
0 24
1 23
1 8
0 0
1 28
1 32
0 24
1 29
0 31
0 24
0 4
1 23
1 16
1 13
1 16
0 5
0 28
0 10
1 27
1 2
0 2
0 29
0 28
1 0
1 1
1 24
1 2
1 0
1 20
1 1
0 29
0 16
1 20
1 30
1 19
0 7
0 23
1 13
1 11
1 0
0 19
1 14
0 22
1 5
0 16
1 24
1 32
1 9
1 4
0 10
1 29
1 14
0 3
1 9
1 24
0 19
1 19
0 20
1 30
1 20
0 6
0 26
1 11
0 10
0 4
1 14
0 15
0 11
0 17
1 20
0 24
0 8
0 14
0 9
0 6
1 11
0 19
1 32
1 14
1 15
1 32
0 4
1 20
1 23
1 32
1 4
1 5
0 23
0 26
0 27
1 17
0 17
1 32
0 22
1 30
0 26
0 28
0 4
0 4
0 1
1 8
0 24
1 32
1 10
1 30
0 20
1 1
1 3
0 15
1 14
1 2
1 19
0 17
1 14
0 5
0 22
1 10
1 23
1 7
1 9
1 11
1 2
1 0
0 6
0 22
0 4
0 9
1 11
1 20
0 22
0 6
0 32
0 18
0 19
1 13
0 1
1 12
0 1
0 1
1 17
1 30
1 28
1 0
1 12
1 11
1 15
0 8
1 26
1 19
0 21
0 16
0 1
0 17
1 29
0 3
1 5
1 14
0 15
0 20
1 19
0 29
1 16
1 22
1 25
1 25
1 3
0 0
1 5
0 14
0 28
0 19
0 3
0 15
0 7
0 31
0 3
1 27
0 4
1 6
0 25
0 16
1 25
1 20
1 15
0 15
0 27
1 2
0 4
0 7
1 25
0 15
1 19
1 23
1 13
0 30
1 4
0 1
1 13
1 29
0 2
1 6
1 18
1 29
1 9
0 19
1 11
1 27
1 12
1 10
0 12
1 6
1 7
1 28
1 2
1 5
1 14
1 12
1 29
0
0
1
2
3
3
0
1
0
7
6
7
6
12
2
1
1
8
5
18
3
2
4
14
10
4
3
11
22
10
6
17

563 91
1 48
0 50
1 51
0 21
0 69
1 25
1 59
1 64
0 5
1 85
0 13
0 21
1 78
1 55
1 88
1 22
1 44
0 24
0 67
1 80
0 74
0 70
1 74
0 28
1 60
0 26
1 13
0 72
1 73
0 36
0 61
0 10
0 67
1 39
0 72
0 29
0 32
1 28
0 10
0 38
0 83
1 80
1 45
0 5
1 61
1 8
0 66
0 10
1 88
0 9
1 58
1 47
0 4
0 12
0 4
1 17
0 2
1 4
1 68
0 50
0 4
0 29
1 17
1 29
0 6
0 8
0 27
0 20
0 41
0 78
0 63
0 58
1 91
1 51
0 25
0 4
0 15
0 83
1 30
1 11
1 84
0 78
1 89
1 78
1 55
1 62
1 26
0 21
1 47
0 52
1 3
0 89
0 41
0 85
1 64
0 56
1 24
0 5
0 16
0 3
0 25
0 65
1 42
1 18
0 54
1 9
1 91
0 65
1 56
0 72
1 2
0 8
0 42
1 32
0 64
1 61
0 76
1 52
0 79
1 8
1 5
0 89
1 78
1 28
0 83
1 47
0 60
0 48
0 81
0 21
0 61
0 78
1 76
1 0
1 32
0 72
0 65
0 21
0 21
1 69
0 10
0 23
1 68
0 53
1 59
1 39
0 42
0 16
1 76
1 43
1 30
1 70
1 78
1 33
0 91
1 88
0 22
1 80
0 87
0 49
0 50
0 65
1 71
0 30
1 65
1 17
1 87
1 12
0 49
1 78
0 72
0 80
0 79
1 0
1 80
0 51
1 8
1 64
1 18
1 64
0 36
1 36
0 63
1 75
0 7
0 53
1 78
0 91
1 21
0 16
0 51
1 65
0 74
1 72
0 88
1 6
0 84
1 20
1 14
1 0
0 51
0 38
0 77
0 43
0 51
0 45
0 80
1 9
1 0
1 41
0 68
1 8
1 7
0 28
0 77
0 13
0 10
0 61
0 50
0 41
1 14
1 63
1 23
0 63
0 76
0 22
1 88
1 43
1 78
0 18
1 86
1 26
1 68
0 85
0 57
0 19
0 59
0 68
0 58
1 68
1 10
0 87
1 70
0 36
0 11
1 90
0 22
1 80
0 11
0 62
0 62
0 37
1 37
1 73
1 42
1 13
1 75
1 25
0 72
1 21
0 13
0 87
1 51
1 34
0 26
0 49
1 24
0 36
0 73
0 1
1 86
0 35
1 63
1 43
1 52
1 65
1 26
0 21
1 11
1 17
0 3
1 89
1 84
1 86
1 5
0 55
1 61
1 53
0 88
1 28
1 48
0 81
1 41
1 4
1 49
1 68
1 11
0 2
1 88
0 0
0 24
1 20
0 15
1 48
1 19
0 3
0 51
0 33
1 39
0 59
1 41
0 19
1 19
1 14
0 32
1 62
1 16
0 14
1 50
0 14
1 84
0 73
0 68
0 75
1 82
0 65
0 78
1 53
1 60
0 21
0 71
0 90
1 67
0 51
1 20
1 88
1 38
1 62
1 73
0 8
0 14
1 79
0 30
1 25
0 50
1 24
1 66
0 91
0 59
0 82
1 62
0 86
1 61
0 46
0 38
0 45
1 78
1 13
0 75
1 79
0 34
0 58
0 31
1 87
0 33
0 53
1 73
1 81
1 1
1 1
0 33
1 78
0 27
0 39
1 38
1 43
1 41
0 45
0 0
1 64
1 37
0 38
0 71
1 6
1 63
0 63
0 83
0 43
0 85
0 70
0 80
0 35
1 17
1 21
1 87
1 58
1 38
1 89
1 1
1 46
0 5
1 60
1 14
0 88
0 12
1 29
1 64
0 22
0 76
0 68
1 39
1 60
1 5
1 33
0 3
0 91
1 84
1 87
0 23
1 35
1 27
1 71
0 24
1 49
0 66
1 77
0 70
0 49
1 32
1 26
0 38
0 43
0 86
1 67
1 84
0 66
1 21
1 34
0 21
1 3
0 4
0 59
1 18
0 10
1 67
1 47
1 23
0 11
0 51
0 41
0 39
1 24
1 36
1 24
1 80
1 84
1 89
0 13
1 46
1 84
1 59
0 73
1 89
1 3
1 47
1 33
0 68
1 58
1 48
0 30
1 88
1 32
0 26
1 5
0 48
0 89
1 50
0 24
1 30
1 7
0 52
1 30
1 23
1 67
0 18
1 52
1 45
1 89
1 71
1 24
1 59
1 14
1 91
0 87
0 28
1 16
1 44
0 62
1 50
0 7
1 30
0 53
1 72
0 18
0 73
0 70
0 29
1 0
1 25
0 10
0 64
1 37
1 33
0 4
1 9
1 39
1 62
1 66
0 80
0 87
1 71
0 70
0 77
0 44
0 33
0 90
0 83
0 61
0 66
1 67
1 75
1 63
0 53
1 80
1 0
1 81
0 47
1 47
1 18
1 49
1 1
0 91
0 81
1 38
0 85
1 36
1 71
1 23
1 81
0 91
1 75
0 29
1 17
1 19
0 36
0 77
0 38
1 3
1 87
1 25
1 69
1 62
1 70
0
0
0
1
0
2
1
5
1
1
8
7
0
2
10
12
8
2
11
2
18
4
11
19
7
0
6
1
16
10
8
7
16
11
16
24
1
10
35
37
38
8
24
10
33
29
37
25
14
0
10
38
33
38
28
54
32
35
56
20
51
27
60
17
29
9
21
25
38
8
66
7
25
64
0
55
52
26
49
25
47
53
57
2
23
34
22
26
17
16
27

329 133
1 96
0 11
1 94
0 97
1 8
1 66
0 31
1 98
0 119
1 62
0 91
1 96
0 80
0 57
0 20
0 22
0 19
0 111
0 62
1 44
0 51
0 46
0 93
1 117
0 73
0 87
1 25
1 4
1 126
1 28
0 117
0 76
1 79
1 33
1 96
1 35
0 70
0 96
0 5
1 50
1 0
0 111
1 25
1 131
1 121
0 132
1 104
1 29
0 65
0 24
0 5
0 9
0 83
0 133
0 5
0 133
1 74
0 54
1 117
0 15
0 11
1 127
1 121
1 50
0 36
0 90
1 130
1 1
0 104
1 108
0 102
1 112
1 105
0 65
0 34
1 50
0 65
0 106
0 100
1 104
0 72
0 39
0 4
1 92
0 132
0 104
1 113
0 125
1 11
0 94
1 89
0 97
1 20
0 86
0 67
0 81
1 89
0 78
1 2
0 12
1 24
0 8
1 93
1 14
1 42
0 86
0 92
0 58
1 62
1 45
1 4
0 72
1 94
1 122
0 82
0 113
1 33
1 124
0 109
0 33
1 72
1 76
1 44
0 10
0 59
1 4
1 89
0 66
1 51
1 15
1 119
1 14
1 113
0 125
1 129
0 32
0 59
0 111
0 2
0 64
1 64
0 21
1 5
1 109
1 76
1 133
0 24
1 92
1 42
1 74
1 108
1 77
0 64
1 113
0 7
0 110
0 118
0 109
1 11
1 90
0 52
0 80
1 27
0 59
0 45
1 27
0 110
1 103
1 30
1 30
1 22
0 102
0 9
0 68
0 101
1 76
0 18
1 123
0 133
0 127
0 93
0 22
0 79
0 87
1 18
1 95
1 25
1 35
0 104
1 23
1 111
0 42
0 50
1 78
0 37
0 4
1 61
0 68
0 28
0 87
1 22
0 79
0 15
1 5
0 100
1 75
1 98
1 123
1 46
1 131
0 119
1 22
1 123
0 13
0 53
0 49
1 54
0 98
0 93
0 9
0 20
1 87
0 108
0 71
0 32
0 16
1 51
0 16
1 121
1 76
1 128
1 45
1 131
1 107
0 99
0 85
1 36
1 127
1 9
0 103
1 52
1 89
1 29
1 73
1 87
1 112
0 16
0 52
1 7
1 21
1 71
0 1
0 15
1 45
1 69
0 10
1 84
0 63
0 36
0 34
1 116
0 102
0 37
0 33
1 39
1 61
0 84
1 102
0 107
0 111
0 14
1 96
0 86
1 106
1 126
1 83
1 13
0 116
0 87
1 61
0 102
1 59
1 70
0 20
1 5
0 106
0 48
1 112
1 40
1 118
0 2
1 29
0 112
0 116
1 73
1 20
0 79
0 26
1 46
1 27
0 45
0 132
0 36
0 20
1 36
1 64
0 34
0 95
1 92
0 83
0 77
0 59
1 47
0 12
0 74
0 15
1 103
1 5
0 123
1 18
1 51
1 26
0 111
0 37
0 116
1 77
1 123
0 26
1 39
0
0
1
1
0
3
3
3
7
8
3
5
0
4
7
6
6
4
14
18
8
9
9
12
1
23
12
11
7
9
21
1
18
1
7
1
1
7
29
3
25
13
8
14
6
17
40
34
18
11
47
0
27
16
40
21
15
8
27
42
33
49
1
35
49
54
7
32
7
53
30
26
5
32
59
27
56
36
62
35
51
75
57
19
77
69
44
44
84
58
30
76
48
62
50
35
51
81
77
7
62
90
44
59
96
47
11
13
2
95
57
19
25
30
96
44
20
104
114
104
2
65
84
23
120
110
33
116
78
116
60
88
21

742 13
1 6
0 7
0 8
0 4
0 9
0 7
1 7
1 12
1 10
1 2
1 4
1 7
1 0
0 3
0 10
1 0
1 0
1 12
1 6
0 2
0 2
1 5
0 10
1 0
0 3
0 13
1 12
1 6
0 2
1 11
0 3
1 10
0 2
0 12
0 9
1 13
0 12
1 2
1 0
1 0
1 11
1 11
1 4
0 4
0 2
0 8
0 10
0 9
0 3
1 11
1 2
1 2
1 12
1 11
1 0
0 2
0 1
0 0
0 12
0 4
0 7
1 0
0 1
0 11
0 13
0 7
1 8
0 5
1 10
0 12
0 9
1 7
0 0
1 3
1 5
0 12
0 12
0 3
0 12
0 8
1 13
0 12
1 9
0 7
1 0
1 10
0 4
1 0
1 13
0 10
1 0
1 4
0 2
0 4
0 9
1 12
0 9
1 4
1 11
1 8
1 8
1 4
0 3
1 7
0 4
0 3
1 3
1 9
1 1
1 4
0 2
0 4
0 0
1 5
1 12
0 13
0 5
1 9
1 13
0 13
1 7
0 12
1 7
1 4
1 9
0 8
0 7
0 6
0 1
0 8
0 10
0 12
1 8
1 7
1 0
0 0
1 12
0 2
1 5
1 7
0 8
0 3
0 2
1 5
1 1
1 5
0 13
1 4
1 7
1 9
0 3
1 8
0 0
1 5
1 9
1 7
0 3
1 9
0 1
1 11
0 6
1 1
0 5
0 6
1 4
1 12
1 12
0 1
1 6
1 4
0 7
0 7
0 4
0 0
0 1
0 9
1 2
0 3
0 10
0 9
1 1
1 6
0 6
1 10
0 2
0 7
1 8
1 8
0 12
0 11
0 0
1 3
0 6
1 6
1 7
0 5
0 12
0 9
1 11
0 2
0 2
0 4
0 5
1 1
1 1
1 2
1 13
1 3
0 6
0 4
0 3
1 12
1 6
1 10
0 4
1 10
0 11
0 2
1 13
1 11
0 9
0 12
0 9
0 9
1 13
0 0
0 12
1 10
1 2
1 4
0 6
0 11
1 1
0 2
0 2
1 11
0 1
1 2
1 3
1 3
1 5
1 4
1 6
0 6
1 3
0 2
1 9
1 5
0 0
0 2
0 12
1 3
0 4
1 1
0 6
0 6
1 6
0 10
0 4
1 12
0 13
1 12
1 4
1 2
1 7
0 7
0 5
0 2
0 4
0 10
1 5
1 10
1 0
0 4
1 5
1 5
0 10
1 13
0 4
1 10
1 9
1 7
0 5
0 13
0 7
0 10
1 3
0 4
1 4
1 13
0 5
0 3
1 3
0 10
0 12
1 11
1 7
1 1
0 12
1 0
0 11
1 1
1 12
0 9
0 4
0 12
1 9
1 4
1 9
0 0
1 5
1 2
0 7
1 10
1 7
0 6
0 10
0 6
1 11
1 4
0 9
1 1
1 12
0 11
1 7
1 3
0 9
1 12
1 2
1 10
1 9
0 3
0 0
0 11
0 6
1 3
1 8
0 13
0 5
0 5
1 4
0 12
0 5
0 11
1 4
0 12
0 1
0 3
1 3
0 3
1 3
0 6
0 2
0 12
0 10
0 9
1 11
1 11
0 0
0 12
1 8
0 12
0 12
0 8
0 5
1 0
0 6
1 5
0 6
1 10
0 10
1 2
0 2
1 1
1 8
0 3
1 4
1 7
1 12
0 2
1 12
1 4
0 2
1 8
0 3
0 6
1 13
1 8
1 13
1 0
0 12
0 11
0 6
1 1
0 4
0 12
1 6
1 10
0 9
0 9
1 4
0 7
1 2
1 4
0 3
1 1
0 1
1 1
0 7
1 13
1 13
1 9
0 9
1 7
0 3
1 2
1 4
1 12
0 8
1 1
0 12
1 12
0 11
0 3
1 3
1 6
0 3
0 4
0 9
0 8
0 13
1 5
1 5
1 10
0 3
0 12
0 0
0 6
0 7
1 2
0 9
0 8
0 1
0 4
1 5
1 12
1 0
0 13
0 11
0 8
0 11
0 8
1 5
1 11
1 8
1 4
1 10
0 8
0 1
1 5
1 5
0 7
1 7
1 12
1 13
0 8
0 6
1 12
0 4
1 12
1 2
1 1
1 5
0 10
1 10
0 1
0 11
1 2
1 5
1 3
0 3
0 3
0 7
1 10
1 2
1 0
1 3
0 3
0 6
1 8
0 9
0 11
1 0
1 1
1 8
1 5
0 12
0 9
0 1
1 13
1 13
0 8
1 7
1 7
1 12
0 7
0 9
1 5
0 9
1 6
0 0
0 2
0 7
1 8
1 10
1 9
1 1
1 5
1 6
0 6
1 7
0 4
1 8
0 1
0 0
1 5
0 2
1 2
0 2
1 7
1 0
1 11
1 3
0 1
0 11
0 5
0 13
1 7
1 9
1 13
0 5
1 4
0 4
1 11
1 7
1 12
1 0
0 5
1 2
1 13
0 2
1 8
0 4
1 4
1 3
1 0
0 10
0 9
0 2
1 0
0 2
0 6
1 1
1 2
0 9
1 1
1 6
0 12
0 11
0 2
0 13
1 11
0 0
1 10
0 10
1 9
1 13
0 6
0 3
0 6
0 6
0 12
0 3
1 11
0 8
0 6
1 1
1 13
1 9
0 8
1 1
0 12
1 5
0 1
0 0
0 11
0 8
1 11
0 5
0 8
1 10
1 1
0 11
0 0
1 0
1 0
1 0
0 6
0 8
0 13
1 13
1 3
1 13
0 3
0 3
1 3
0 6
1 7
0 5
1 12
1 5
0 9
1 8
1 5
1 9
0 9
1 1
1 6
1 10
0 2
1 13
0 0
0 2
0 9
0 0
0 2
0 4
1 12
1 7
0 1
1 7
1 4
1 2
1 3
1 8
1 3
1 3
1 6
1 12
1 5
0 13
1 2
0 11
1 1
0 13
1 7
0 4
0 4
0 6
1 1
0 0
1 11
0 0
1 12
0 9
1 2
1 4
1 9
1 10
1 8
1 2
1 9
0 0
0 7
0 5
0 13
0 8
1 6
1 13
1 4
0 8
1 1
0 8
0 12
1 0
0 7
1 8
1 3
1 13
0 4
1 9
1 0
1 4
0 3
0 11
1 10
1 13
1 7
0 8
1 1
1 11
0 11
1 11
0 3
0 2
0 10
1 11
1 12
0 3
0 13
1 11
0 0
1 13
0 2
1 6
1 3
1 9
0 3
0 11
0 10
0 4
0 5
0 13
0 11
0 11
1 0
1 3
1 5
1 13
0 0
0 13
0 11
0 1
1 3
1 2
0 13
0 11
1 3
0 11
1 8
1 0
1 11
0
0
1
1
2
1
0
0
2
6
6
3
10

504 150
0 95
0 85
0 106
0 129
0 108
1 52
1 20
1 41
1 58
0 17
1 54
1 94
0 78
1 18
1 42
1 1
0 129
0 146
1 60
0 55
0 29
1 44
0 126
0 142
0 72
0 12
1 74
1 51
0 13
1 115
1 86
0 42
1 31
0 132
1 16
1 53
1 72
1 121
1 9
0 55
0 138
0 59
0 3
1 80
1 81
1 120
0 71
1 42
1 2
1 17
0 86
0 68
0 144
1 22
0 145
0 121
1 118
1 55
1 56
1 11
1 79
0 0
0 24
0 7
0 49
0 125
1 34
0 14
1 33
1 113
1 1
1 100
1 40
0 24
1 24
0 136
1 61
1 96
1 108
0 6
1 73
0 107
1 108
0 119
1 53
1 55
0 128
1 100
1 36
1 50
1 88
0 125
1 103
0 60
1 46
0 88
1 12
0 139
0 108
1 22
1 5
0 58
0 22
1 84
0 27
1 148
1 150
1 9
1 110
0 88
1 15
1 51
1 80
1 130
1 18
0 147
0 53
1 101
1 21
1 29
1 83
0 12
1 24
1 9
1 81
0 102
1 49
0 81
1 54
1 28
0 101
1 149
1 121
1 36
1 52
0 69
0 110
0 102
0 34
1 21
0 58
1 34
1 108
0 12
1 120
1 52
0 25
0 88
1 81
0 130
0 136
0 109
0 20
1 135
1 102
1 144
0 122
1 107
0 37
0 119
1 74
0 30
0 57
0 12
1 121
1 48
0 24
0 86
1 57
0 118
1 72
0 25
0 95
0 0
1 46
0 124
0 138
1 147
1 31
1 64
0 79
0 146
1 18
1 30
0 119
1 147
1 45
0 80
0 11
0 24
1 60
1 41
1 51
0 137
1 123
1 147
1 131
1 56
0 11
0 19
1 26
1 103
1 119
1 141
0 105
0 46
1 15
0 106
1 2
0 11
1 35
0 102
0 87
1 4
0 16
1 106
0 101
0 18
0 113
0 66
0 87
1 68
1 24
1 138
0 91
0 104
0 94
0 76
1 81
0 4
0 116
0 61
1 13
1 93
0 51
1 76
1 137
1 150
1 23
0 30
1 64
0 65
0 23
0 25
1 85
1 81
0 96
1 66
0 78
1 100
0 62
1 61
0 27
1 61
1 18
1 139
0 142
0 130
1 61
0 140
1 55
0 41
1 49
0 106
1 107
1 104
1 111
1 75
0 74
0 50
0 12
1 47
0 36
0 146
1 129
0 20
1 9
0 125
0 63
1 71
0 94
1 17
0 133
0 44
1 13
1 137
1 66
0 58
0 72
1 15
0 116
0 5
1 121
0 115
0 93
1 82
1 50
1 136
0 48
0 96
0 61
0 45
0 70
1 95
1 13
0 122
1 41
0 138
1 62
0 83
0 17
0 93
1 6
1 81
0 80
1 77
0 106
1 35
1 130
0 134
0 43
0 57
0 10
1 100
1 106
1 131
0 146
0 150
0 66
1 73
1 83
1 102
0 94
0 28
1 141
1 99
0 54
0 44
1 137
1 11
0 144
1 79
1 133
0 43
1 46
0 88
1 40
1 37
1 4
0 114
0 105
0 55
1 0
1 145
0 80
0 56
0 5
1 146
0 15
1 20
1 46
1 63
1 148
1 135
1 47
1 133
0 87
0 150
0 109
1 15
0 82
0 29
1 19
1 55
0 20
1 76
0 16
1 86
0 102
0 56
0 63
0 18
0 5
0 147
0 99
1 75
0 112
0 78
1 18
1 91
0 95
0 62
1 87
0 148
1 99
1 144
0 36
0 0
1 142
1 127
1 124
1 38
1 91
1 51
1 147
1 60
1 31
1 1
1 36
0 80
1 59
0 145
1 124
1 109
1 103
1 4
1 52
0 39
1 45
0 149
1 30
1 13
0 49
1 113
1 148
1 72
1 56
1 128
0 119
0 68
1 104
0 43
0 121
0 122
0 144
0 55
1 88
1 42
0 90
1 133
0 43
0 76
0 86
1 106
1 6
0 136
0 67
1 139
0 54
0 46
0 62
0 10
0 23
1 50
1 104
0 118
1 107
1 139
1 113
1 103
0 38
0 34
1 5
1 21
1 94
0 9
0 22
1 64
0 85
1 106
0 21
0 37
1 121
0 102
0 95
1 124
1 133
0 29
1 64
1 76
0 12
0 71
0 33
0 27
1 57
0 49
1 94
1 20
1 14
0 35
0 9
1 125
0 2
0 54
1 114
1 2
1 106
0 84
0 123
0 109
0 71
0 40
0 96
1 142
0
0
1
1
0
1
3
5
6
6
9
9
5
6
10
7
7
7
13
18
11
3
14
0
23
4
1
24
6
15
29
15
5
17
0
22
6
8
9
16
14
10
15
26
14
37
20
36
42
32
24
15
9
7
4
17
44
33
8
31
32
17
3
37
10
50
63
25
29
40
55
11
31
60
12
55
5
34
37
73
5
58
43
5
41
48
72
79
10
45
72
53
16
56
17
64
66
96
53
62
19
2
17
25
11
83
2
100
78
26
77
16
82
92
29
64
20
21
16
0
9
80
9
15
91
105
19
88
60
10
108
26
82
54
43
68
96
130
100
11
96
59
18
31
89
16
10
45
39
40

574 56
1 2
0 45
1 0
0 20
1 25
1 30
1 51
0 41
1 35
1 0
0 7
1 31
0 31
0 55
1 43
1 13
1 54
1 49
1 18
1 12
0 3
1 55
1 44
0 39
0 38
0 52
0 31
0 9
0 52
1 44
0 1
1 8
1 5
0 12
0 53
1 5
1 30
0 3
1 31
1 39
0 30
1 13
0 29
1 44
0 42
0 36
1 36
1 3
1 0
1 5
1 53
1 39
0 4
1 34
1 51
1 12
1 33
0 31
0 12
1 13
0 13
1 32
1 6
1 42
0 40
0 28
0 40
0 50
0 7
1 28
0 50
1 20
0 22
0 40
0 18
1 54
0 49
1 29
0 29
1 25
1 40
1 21
1 37
0 40
1 6
0 39
1 26
1 7
1 20
0 54
0 18
1 1
0 4
1 20
1 27
0 34
1 16
1 15
1 27
0 21
1 56
0 48
1 20
1 17
1 0
1 37
0 14
0 54
0 1
0 41
0 19
1 14
0 13
1 8
1 33
0 37
1 29
1 28
0 56
1 14
0 34
0 8
0 3
0 41
0 43
0 23
1 11
0 13
1 33
1 3
0 8
1 49
1 41
0 16
0 29
0 14
0 44
1 23
0 26
1 30
0 40
0 25
0 20
1 4
0 29
0 11
1 24
1 36
0 42
0 17
0 51
1 13
1 55
0 49
0 47
0 3
1 22
1 2
0 7
1 19
1 20
0 32
0 9
0 12
1 44
0 12
1 31
1 40
1 16
1 34
0 26
1 12
0 18
1 14
0 50
0 30
1 18
0 51
0 15
0 35
1 7
0 13
1 2
1 44
0 24
1 9
0 23
1 45
1 2
1 9
0 3
1 32
1 56
1 0
1 11
0 33
1 53
1 47
0 26
1 30
0 26
1 12
0 5
0 55
1 9
1 53
1 23
0 11
0 41
0 12
1 47
1 7
0 34
0 31
1 46
0 43
0 26
1 12
0 16
0 17
0 37
0 6
1 37
0 28
1 1
0 54
1 29
1 31
0 29
0 43
1 54
1 11
0 16
1 37
0 43
0 34
0 42
1 12
0 9
1 43
1 18
0 37
0 8
1 8
0 40
1 35
0 1
1 5
0 50
1 2
0 28
1 10
1 20
1 33
1 23
0 46
0 36
0 18
1 52
0 29
0 45
1 52
1 43
0 22
0 21
0 37
0 6
1 25
0 2
0 32
0 37
0 36
1 54
1 9
1 38
1 1
1 19
1 15
1 22
1 27
0 32
1 19
1 48
0 25
0 15
1 19
1 42
0 23
1 0
1 24
1 48
1 54
0 4
1 8
1 17
1 11
1 38
1 1
1 26
1 26
0 47
1 0
0 22
1 35
1 25
1 14
0 52
0 6
0 2
1 11
0 34
1 28
0 2
0 30
0 28
1 24
0 31
1 51
1 4
0 24
1 55
1 6
0 31
1 52
1 30
0 39
1 16
1 35
1 56
1 55
0 7
0 3
1 9
0 50
1 22
0 11
0 52
0 54
0 42
0 5
1 45
1 21
1 12
0 19
0 51
1 49
0 13
0 37
1 27
1 7
1 32
1 55
0 36
1 41
0 16
1 17
1 1
1 14
0 43
0 53
1 29
0 5
0 27
1 42
0 45
1 38
0 13
1 38
0 21
0 34
0 46
1 20
0 10
1 22
0 32
0 14
1 33
0 5
1 37
1 14
0 4
1 20
0 1
1 51
1 23
1 10
0 13
1 17
1 48
0 7
1 47
1 28
0 46
0 12
1 18
0 11
1 44
1 26
1 25
0 4
0 9
0 11
0 50
0 18
0 8
1 55
0 31
1 45
1 22
1 16
0 47
0 42
0 42
0 25
0 18
0 39
1 30
0 55
1 14
1 50
1 40
0 37
0 2
1 27
0 56
1 3
1 22
0 24
1 12
0 30
1 7
0 55
1 38
1 38
1 26
1 39
1 5
1 20
1 16
0 19
1 2
1 12
0 39
0 55
0 48
0 11
0 2
1 24
1 17
1 24
0 33
1 18
1 26
0 33
1 39
0 53
0 26
0 55
1 44
0 28
1 40
1 48
1 54
1 17
0 6
1 37
0 20
0 27
1 45
1 41
1 51
1 25
1 32
0 33
0 15
0 50
1 38
0 19
0 34
0 56
0 21
0 46
1 13
1 5
1 55
1 43
0 18
1 9
0 41
0 53
1 13
0 24
1 4
0 40
1 42
0 10
1 13
0 46
0 41
0 12
1 8
0 1
0 49
0 54
1 24
1 5
1 4
0 28
0 17
0 4
1 22
1 52
0 1
1 53
0 33
0 2
1 6
1 28
1 36
1 7
1 27
1 16
1 48
1 49
1 52
1 47
0 27
1 32
0 10
0 8
1 13
1 17
1 55
1 24
1 30
1 37
1 3
0 14
0 48
1 36
1 55
1 55
0 1
1 40
0 15
0 22
1 25
0 27
0 5
1 33
0 9
1 6
1 28
1 27
0 40
1 23
1 55
1 33
0 43
1 10
0 53
0 31
0 7
1 13
0 14
1 1
1 35
0 10
1 10
1 3
1 26
1 38
1 3
0 29
0
0
0
2
2
2
5
5
1
5
8
0
11
9
11
4
14
8
5
14
12
5
8
6
16
7
20
0
11
22
21
12
4
6
13
23
31
35
25
17
0
27
36
20
43
35
33
45
37
24
44
17
30
10
24
44

365 144
1 61
0 65
0 139
0 65
0 127
0 126
1 72
1 102
0 113
1 25
0 82
1 79
0 82
1 42
0 29
0 108
1 50
1 95
0 116
1 76
0 99
1 53
1 119
0 4
0 44
0 93
1 136
1 59
0 29
1 54
1 74
1 59
1 67
1 108
1 92
1 125
0 99
0 41
1 111
1 115
0 90
0 51
1 138
1 78
0 127
0 4
1 107
1 75
1 106
1 9
0 125
0 110
1 44
1 23
1 135
1 33
1 70
0 12
0 130
0 88
1 66
1 110
0 52
0 43
1 34
1 30
0 14
1 57
0 121
0 85
1 109
1 140
0 143
1 27
1 32
0 92
1 29
1 39
1 119
0 4
0 40
0 126
1 63
1 83
1 29
1 11
0 112
1 109
1 47
0 115
1 33
0 131
0 119
1 15
1 119
0 86
1 47
1 108
1 4
0 35
0 17
1 101
1 122
1 85
1 35
0 14
1 70
1 22
1 6
1 59
0 54
1 42
1 129
1 95
1 17
1 72
0 18
1 64
1 87
1 3
1 119
0 21
1 82
0 80
0 90
1 122
1 53
1 121
0 71
1 44
1 16
1 35
0 140
1 49
0 123
1 50
1 129
1 5
0 71
1 75
0 58
0 91
0 17
0 125
0 70
1 50
1 116
1 72
1 37
0 44
1 17
0 98
1 134
0 134
0 50
1 128
1 75
0 130
1 78
0 109
1 112
0 124
1 84
1 17
0 84
0 49
1 102
0 12
1 124
0 65
0 0
1 1
1 67
0 77
0 102
0 134
0 15
1 135
1 116
0 143
0 42
0 94
1 34
1 88
1 124
1 43
1 35
0 136
0 104
0 15
0 50
1 76
1 72
1 118
1 73
0 25
1 107
1 139
0 9
0 48
0 34
1 42
0 112
1 72
0 121
1 4
1 15
0 64
1 113
0 79
0 81
0 22
1 111
1 21
1 79
0 138
1 46
1 7
1 71
0 132
1 140
0 126
1 68
0 98
0 8
1 98
1 23
0 5
0 120
0 48
1 26
1 54
0 87
0 20
0 19
0 22
0 75
0 81
1 59
1 67
0 87
1 75
1 60
1 4
1 97
0 66
1 96
1 94
1 18
1 116
1 87
1 44
0 43
1 89
1 1
1 45
1 91
1 101
0 47
0 76
0 24
0 63
1 131
0 131
1 39
1 18
1 137
1 69
0 124
1 52
0 95
0 19
1 52
0 56
0 78
1 33
1 93
1 112
1 20
1 131
0 30
0 137
1 77
1 134
1 71
1 55
1 109
1 20
0 77
0 135
1 24
1 9
0 65
0 95
0 9
0 20
0 2
1 51
1 129
1 43
0 24
0 135
1 48
0 129
1 104
0 8
1 99
0 129
1 1
1 105
0 144
0 108
0 49
0 47
0 136
0 65
0 61
0 18
0 25
0 17
0 82
0 132
0 87
1 97
0 134
1 125
1 23
1 0
1 86
1 34
0 120
1 125
0 114
0 26
1 30
0 11
1 36
1 127
0 69
0 111
1 63
0 129
0 130
0 21
0 136
1 74
0 68
1 73
1 32
1 10
0 90
0 99
1 108
1 93
1 34
0 58
0 24
0 13
0 128
1 48
0 5
0 89
0 109
1 111
0 144
0
0
1
1
1
4
1
6
1
2
3
6
1
5
0
8
15
13
12
15
10
9
0
21
2
16
22
25
17
23
14
2
19
24
32
6
11
21
19
34
13
27
33
22
20
28
41
18
3
30
47
39
7
7
43
26
9
36
28
29
46
26
46
3
8
43
62
39
32
8
36
54
27
2
35
51
18
30
66
17
57
61
7
3
69
51
68
66
26
8
53
69
46
40
17
0
31
37
79
62
12
89
75
81
12
85
8
25
19
105
18
70
78
79
111
99
71
51
56
19
72
21
18
23
102
80
35
26
0
56
47
129
15
73
20
79
83
45
30
87
109
6
15
46

870 64
0 57
1 35
0 36
1 49
1 31
0 0
1 50
1 33
1 23
0 20
0 54
0 11
1 24
1 34
0 32
1 28
0 15
1 3
1 47
1 48
0 24
1 41
1 35
0 33
1 21
0 27
0 37
0 64
0 47
0 59
1 55
1 36
1 32
1 44
1 21
0 32
1 11
1 9
1 23
1 16
0 10
0 19
0 4
0 63
0 62
0 33
0 36
1 20
0 0
1 54
1 16
1 15
0 12
0 7
1 60
0 18
0 20
1 14
0 42
1 60
1 59
0 51
0 59
0 1
0 32
1 43
0 44
1 24
0 25
1 3
0 31
1 27
0 60
1 42
0 52
0 48
0 36
0 31
1 7
1 61
0 63
1 4
0 30
0 19
1 40
1 2
0 5
0 24
0 3
0 61
0 32
0 2
1 11
0 32
0 42
1 64
1 39
0 64
0 13
0 57
1 6
1 46
0 59
0 23
0 37
0 24
1 14
1 0
0 26
0 42
1 26
0 55
0 0
0 19
1 51
1 40
1 46
0 40
1 38
0 50
0 38
0 3
0 27
0 28
1 28
1 39
0 29
1 34
1 55
1 19
1 34
1 58
1 29
0 38
0 36
1 2
0 36
1 2
0 33
1 56
0 58
1 21
1 40
1 17
0 40
0 48
1 17
1 39
0 16
1 57
0 44
0 24
1 60
1 48
1 14
1 24
1 42
0 2
0 3
1 1
1 42
1 18
0 54
1 40
0 49
0 10
1 34
1 9
1 52
0 54
1 13
0 3
0 33
1 12
0 32
1 12
0 51
0 1
0 43
1 35
1 48
0 49
0 44
1 28
0 31
0 8
1 56
0 27
1 35
1 15
0 5
0 26
1 35
1 50
0 45
1 60
1 9
1 42
1 14
1 24
1 3
0 30
0 3
0 22
1 49
1 48
0 21
0 61
1 5
0 54
0 41
0 30
1 39
0 22
0 45
1 4
0 35
1 37
0 48
1 44
1 63
0 7
1 50
0 19
1 20
1 53
0 15
1 61
1 18
0 18
0 64
1 62
0 61
0 14
1 35
0 53
0 20
1 43
0 10
1 28
0 10
1 46
0 46
0 63
0 7
0 56
1 47
0 27
1 34
1 32
0 34
1 38
1 23
1 47
1 15
1 27
1 21
0 44
1 7
0 31
0 16
0 53
1 53
0 7
0 39
0 17
1 20
1 29
0 5
1 3
0 33
0 17
0 21
1 5
0 49
0 47
1 9
0 29
1 48
0 16
1 3
1 20
0 22
0 10
0 39
1 11
0 28
0 46
0 17
1 51
0 38
1 45
0 38
1 34
1 26
0 59
0 56
0 51
1 53
0 57
0 29
1 62
0 63
1 6
1 57
1 0
0 23
1 43
0 11
0 20
1 19
1 1
0 60
1 41
0 42
1 43
1 52
1 34
1 41
1 50
1 0
0 40
1 27
1 25
1 62
1 36
1 40
1 11
1 40
1 51
1 44
0 7
1 5
0 6
1 30
1 16
0 22
1 27
1 13
0 17
1 17
1 38
1 10
0 50
1 58
0 22
1 51
1 50
1 51
0 48
1 11
1 35
1 26
1 33
1 37
0 18
1 6
1 36
1 35
0 8
1 44
1 29
0 29
0 52
0 15
1 43
0 18
1 58
0 64
1 41
0 52
0 35
0 24
1 21
1 42
1 13
0 5
0 11
0 63
0 18
1 40
1 22
1 7
0 24
0 20
0 43
1 49
0 38
1 17
1 28
0 4
0 55
0 28
1 59
0 10
1 54
1 62
1 60
1 3
0 8
1 41
0 42
1 36
1 34
0 22
0 62
0 28
0 3
1 20
0 22
0 18
1 24
0 27
1 55
0 29
1 53
0 36
1 56
0 19
1 29
0 40
0 28
1 64
1 34
0 45
0 28
0 27
1 20
1 44
1 21
1 11
0 35
1 19
0 30
1 19
1 62
0 2
1 19
0 40
0 35
0 39
1 19
1 7
1 59
0 63
1 34
0 30
1 4
0 25
0 31
1 63
1 63
1 32
1 27
0 20
1 16
0 13
1 55
0 57
1 32
0 39
0 63
1 31
0 0
1 61
1 62
0 3
1 1
1 3
1 6
0 27
0 43
0 24
0 42
0 59
1 47
0 7
0 49
1 61
0 16
0 27
1 36
0 19
0 52
1 8
1 16
0 13
1 34
1 11
0 14
0 19
0 8
0 0
0 47
1 24
1 31
0 25
1 2
0 63
1 12
0 23
1 39
0 31
1 14
1 50
0 5
1 52
0 26
0 8
0 13
1 32
1 53
1 61
0 13
1 5
1 39
1 49
1 14
0 26
0 24
0 46
0 20
1 3
0 1
0 34
1 52
0 19
0 56
0 6
0 45
0 1
0 13
0 40
1 48
1 51
0 26
1 20
0 48
0 58
0 13
1 45
0 50
1 57
1 30
0 19
1 9
0 19
1 47
0 34
0 4
1 22
1 10
1 5
1 47
1 52
1 31
0 8
0 36
1 51
0 3
0 12
1 57
1 11
1 59
1 22
1 8
1 1
0 9
0 7
1 59
1 58
0 26
1 52
0 62
0 31
1 26
1 4
1 25
1 41
1 9
1 19
1 9
1 11
0 64
1 21
0 24
0 46
1 16
1 6
1 28
0 28
1 22
0 57
0 25
1 14
1 4
0 34
0 11
1 27
0 50
1 64
0 53
1 45
0 53
0 4
1 6
1 7
0 32
1 44
0 6
1 62
1 30
0 0
0 46
1 63
1 50
1 9
1 28
1 31
0 60
1 63
1 17
0 34
1 12
1 14
0 5
1 14
1 26
0 2
0 53
1 10
0 2
0 31
1 61
1 47
1 37
1 15
0 62
0 20
1 32
1 9
0 23
0 63
1 61
1 20
0 58
0 52
1 41
0 24
0 32
1 43
0 30
0 24
1 3
1 14
0 23
1 61
1 27
1 18
1 57
0 21
1 11
0 33
0 22
0 60
1 3
0 36
0 22
1 46
1 45
1 52
0 9
1 30
0 28
1 64
1 9
1 49
1 1
1 23
0 29
0 20
0 41
1 45
1 9
0 40
0 11
1 50
1 10
0 18
0 3
0 42
0 4
1 1
0 47
0 13
1 3
1 22
0 12
1 31
0 15
0 42
1 5
0 33
1 7
1 64
0 23
0 27
1 44
0 6
1 59
0 10
1 24
0 2
0 23
1 4
1 13
0 51
0 64
0 1
0 36
1 57
0 37
1 23
0 49
0 26
0 62
1 6
1 21
0 0
1 53
0 55
0 33
0 64
1 18
1 16
0 59
1 46
0 8
1 64
0 24
1 11
0 9
0 59
0 43
1 17
0 0
1 12
1 59
0 50
0 2
1 2
1 50
1 23
0 26
1 34
0 64
0 46
0 0
1 45
0 61
0 60
0 33
1 9
1 2
1 21
0 17
1 9
0 50
0 62
1 44
0 63
0 7
0 64
1 37
1 2
1 15
0 7
1 6
0 28
1 44
0 42
1 3
0 61
1 0
0 40
1 46
1 58
1 9
0 11
0 13
0 28
0 20
0 21
0 60
0 57
1 35
1 11
1 52
1 54
1 45
1 9
0 61
0 49
1 26
1 56
0 41
1 30
1 21
1 30
1 59
0 60
0 34
0 13
1 51
1 39
0 13
0 24
1 35
0 35
0 18
0 19
1 34
1 51
1 7
0 7
1 38
0 9
0 22
0 2
1 11
1 58
0 15
0 16
0 9
1 33
0 25
1 14
0 57
0 48
1 0
0 37
1 3
0 10
1 19
0 44
1 29
0 24
1 40
0 5
0 60
1 37
1 59
1 9
0 38
0 54
0 16
0 37
1 57
1 30
0 17
0 62
0 22
1 38
0 17
1 32
1 51
1 12
0 55
0 16
0 51
0
0
1
0
1
3
4
6
5
2
0
6
9
9
2
13
10
11
10
5
18
18
8
18
4
0
18
18
1
12
2
9
24
7
3
30
27
9
31
16
32
0
10
14
9
10
40
7
41
7
45
18
35
49
4
0
50
48
23
22
7
3
45
50

883 20
1 13
0 9
1 12
1 17
0 2
0 3
0 20
1 6
0 17
1 17
1 2
0 16
1 18
1 5
1 7
0 6
0 14
1 5
1 7
1 1
0 5
1 18
1 16
0 6
1 15
0 13
0 0
1 12
0 4
1 13
0 17
1 14
0 16
1 17
1 2
1 12
0 18
0 0
0 11
0 5
1 1
1 17
0 3
0 15
0 17
1 1
0 0
1 7
1 1
0 11
0 18
0 8
1 19
0 1
0 11
1 5
0 11
0 18
0 3
1 3
1 16
1 18
0 8
0 13
1 9
1 16
1 3
0 0
1 4
1 10
0 14
1 1
1 6
1 2
0 15
1 19
0 9
0 16
1 5
0 16
0 3
1 8
1 19
0 5
0 11
1 5
0 0
0 10
0 14
0 2
1 4
0 14
1 14
0 20
1 0
0 12
0 10
1 17
1 20
1 16
0 5
0 19
0 5
0 7
1 8
1 20
1 12
0 15
0 18
0 13
0 6
0 17
1 17
0 12
0 20
0 7
1 10
1 15
0 2
1 10
0 11
1 18
1 8
0 8
0 18
1 5
0 10
0 7
0 13
0 2
1 11
0 15
1 19
0 4
1 1
1 20
1 10
0 19
0 2
0 5
0 0
1 8
1 10
1 14
1 1
0 3
1 6
0 2
0 3
0 19
1 15
0 15
1 14
1 19
0 10
0 1
0 5
0 13
1 4
0 13
0 11
0 16
0 10
1 15
1 13
0 1
1 15
1 13
0 14
0 3
0 8
1 16
0 4
1 9
1 12
0 7
1 12
1 18
0 7
0 5
1 17
0 15
0 20
1 3
1 6
1 9
1 4
0 15
1 14
0 4
1 10
0 18
1 10
0 1
0 11
0 12
0 11
1 0
1 1
1 15
0 4
1 6
1 12
0 2
0 20
0 20
0 13
1 16
0 20
1 11
1 6
1 7
0 20
0 15
0 13
1 10
0 17
0 20
0 6
1 0
0 5
1 14
1 16
0 4
1 0
1 6
1 0
1 3
1 6
0 10
0 15
0 19
0 14
1 2
0 5
0 2
1 20
0 18
1 6
1 17
1 17
0 8
1 6
1 9
0 0
0 10
0 2
1 4
1 3
1 13
0 8
0 11
0 16
1 14
1 1
1 16
1 6
1 10
1 11
1 6
0 12
1 0
0 2
1 4
1 13
1 5
1 12
1 7
0 5
1 4
1 9
0 16
1 14
1 7
0 2
1 8
0 0
1 5
0 10
0 15
0 7
1 2
0 17
0 7
0 12
1 7
1 18
1 14
1 15
1 10
1 18
1 10
0 16
1 3
0 16
0 5
0 15
0 14
0 16
1 19
1 20
1 8
0 19
1 1
1 13
0 15
0 9
1 10
0 8
0 18
0 3
1 18
1 1
0 0
1 13
0 8
0 18
1 15
1 18
0 18
0 9
0 7
1 13
1 15
1 6
1 16
1 3
1 16
0 2
1 4
1 3
1 8
0 5
1 17
0 19
0 6
1 0
0 16
1 16
0 3
1 18
0 7
0 17
1 17
1 4
0 0
1 16
0 16
1 12
0 15
1 1
0 5
0 10
1 19
1 11
1 15
1 9
1 16
0 13
0 3
1 15
1 19
1 20
0 10
1 4
0 0
1 2
1 19
0 3
1 17
1 2
1 2
1 6
1 6
0 20
0 6
1 3
0 4
1 4
0 4
0 20
1 15
1 20
0 17
1 6
1 17
1 2
0 19
0 0
0 4
1 8
0 20
1 7
0 17
1 1
1 16
0 3
0 9
1 2
0 1
1 13
0 10
1 10
0 0
1 14
0 0
1 10
1 1
1 9
1 13
0 7
1 19
0 2
0 15
1 0
1 7
1 4
0 14
0 6
0 18
0 13
0 6
0 17
0 7
1 17
1 18
0 13
0 7
1 4
1 8
0 3
0 7
1 6
0 3
1 20
0 16
1 0
1 16
1 9
0 19
0 3
1 2
0 8
0 10
1 9
0 6
1 2
0 12
1 9
0 12
1 4
0 4
1 18
1 14
1 7
0 0
1 5
0 19
1 6
1 8
0 18
1 9
0 19
0 2
0 3
1 10
1 5
1 20
0 4
1 12
1 7
1 16
0 3
0 5
0 6
0 3
0 14
1 12
0 16
1 1
1 4
0 7
0 19
1 1
1 10
0 10
0 8
0 13
0 9
0 0
1 6
1 6
0 4
0 19
0 12
0 2
0 4
0 16
0 20
0 2
0 7
0 1
1 5
1 12
0 10
0 10
0 4
1 3
1 3
1 5
0 11
0 5
0 14
0 1
1 13
0 9
1 16
0 11
1 16
1 18
0 1
0 6
1 19
0 6
0 10
1 3
0 15
1 10
0 11
0 5
0 8
1 3
1 11
0 12
0 7
1 8
1 1
1 20
1 14
1 1
1 3
0 15
0 3
1 12
1 16
0 8
0 5
0 9
0 8
0 18
1 17
0 0
1 4
0 12
0 6
1 10
0 3
1 7
0 3
1 19
0 6
1 13
1 5
1 5
1 4
1 7
1 4
0 8
0 13
1 13
1 12
0 2
0 12
1 6
1 12
1 13
0 14
0 14
0 3
0 4
0 20
0 11
0 11
0 18
0 0
1 4
0 17
0 17
1 15
0 10
1 14
1 15
0 15
0 2
0 0
1 8
1 3
0 6
1 14
0 14
1 5
1 4
0 18
0 12
1 0
1 10
1 11
0 8
0 6
0 8
1 3
0 16
0 19
1 2
0 16
0 3
0 2
0 2
1 5
0 10
0 4
1 9
1 20
1 18
0 3
0 2
0 9
0 11
1 11
0 9
1 3
0 20
1 3
0 17
1 4
1 9
0 11
0 1
0 13
1 3
0 10
1 3
0 14
1 16
1 3
1 7
1 17
1 1
1 4
0 11
1 20
1 4
1 8
1 16
0 11
1 4
0 16
0 6
0 11
0 14
1 10
1 10
0 9
1 1
1 14
0 3
0 0
1 2
0 3
1 12
0 7
1 6
1 3
1 20
1 13
0 19
0 14
0 2
0 14
1 6
0 10
0 12
0 11
0 8
1 17
0 0
0 20
0 5
0 12
0 16
0 18
0 10
1 7
1 17
0 3
1 15
0 17
0 0
1 8
0 13
0 15
0 15
1 11
0 20
0 18
0 4
0 13
0 7
0 7
0 2
1 19
0 2
1 17
0 5
0 2
1 5
0 1
0 4
0 9
0 20
1 2
0 17
0 5
0 2
1 19
0 10
0 12
1 12
1 15
1 7
1 20
1 2
1 19
0 8
1 1
0 12
1 8
1 19
1 16
0 11
0 12
0 12
1 3
0 11
0 3
0 3
1 19
1 5
1 2
1 14
1 19
0 19
0 13
0 6
0 9
0 12
0 13
1 10
0 20
0 17
0 3
0 8
1 9
1 3
0 2
0 11
0 11
1 11
1 13
1 5
1 18
1 10
1 6
0 4
1 6
0 8
1 4
1 13
0 17
0 3
0 0
0 10
1 12
0 7
1 11
0 17
1 7
0 3
1 4
0 0
1 19
1 16
1 5
1 1
1 9
1 18
1 19
1 2
0 12
1 15
0 2
1 12
1 9
1 8
1 6
0 13
0 18
0 15
0 14
1 9
0 16
0 7
0 13
1 9
1 5
0 20
0 16
1 7
0 13
0 9
0 7
1 7
0 13
0 4
0 14
0 18
0 12
1 10
1 11
0 6
1 17
1 19
1 6
0 17
1 8
0 15
0 1
0 15
1 20
0 15
0 5
0 2
1 3
1 16
1 16
1 0
1 17
0 10
1 13
1 2
1 18
0 15
0 14
1 12
0 13
0 12
0 14
1 1
1 20
1 13
0 17
1 18
1 13
1 1
0 17
0 15
0 5
0 17
1 13
0 2
1 11
0 11
1 4
0 8
0 5
1 13
1 7
1 17
0 9
0 16
0 16
0 20
0 3
0
0
1
0
0
2
1
6
2
1
9
4
1
12
13
7
0
14
12
5
