27

5 1221
9 855
4 628
7 51
10 406
10 554

10 2777
15 988
16 276
13 321
13 941
10 869
15 88
14 341
9 278
9 337
2 653

15 3208
9 714
2 175
9 699
15 944
4 64
10 476
16 269
16 291
3 833
16 24
7 802
1 878
10 611
10 549
14 35

20 2882
8 543
10 432
1 908
14 182
14 910
14 104
16 162
7 361
2 119
8 634
12 930
15 6
4 229
12 240
13 373
15 769
2 838
12 985
5 84
13 993

35 137785585
166 4271980
166 1156230
166 7026941
166 8086826
166 4079207
166 4864391
166 3275319
166 989375
166 3185595
166 610237
166 7299539
166 5896566
166 729899
166 3924730
166 2244756
166 7297561
166 8217624
166 4736127
166 5970395
166 785005
166 8147961
166 1503406
166 5674652
166 7631198
166 2093230
166 6977570
166 1234960
166 6444759
166 9558434
166 2044509
166 5511255
166 745663
166 2320881
166 2900676
166 3226342

264 898299560
101 9637157
101 8650394
101 5196659
101 625679
101 745077
101 1551388
101 4378851
101 9216667
101 4831161
101 900324
101 7578370
101 10105
101 1715962
101 821261
101 8532371
101 9894970
101 5565130
101 9771786
101 3913180
101 5830059
101 5754286
101 5677842
101 4035581
101 7967806
101 8737055
101 9614337
101 9388142
101 2424377
101 8494717
101 1791850
101 5626540
101 9338560
101 8546190
101 8118916
101 4849774
101 6009159
101 6728544
101 8672640
101 9898332
101 9657550
101 5249323
101 8208422
101 3958887
101 7616498
101 7591783
101 6557780
101 9871638
101 1168791
101 6799678
101 5030343
101 8196116
101 1718886
101 7038264
101 8936358
101 2408503
101 2825725
101 3000544
101 2995730
101 5819112
101 1394686
101 9572489
101 1222721
101 8139380
101 675773
101 9426344
101 9130093
101 5651802
101 5753671
101 7540659
101 3707738
101 725445
101 4060730
101 2542848
101 4269494
101 4893427
101 9118444
101 3223683
101 6926786
101 2232679
101 6609098
101 6736868
101 1059845
101 4165040
101 5014481
101 206856
101 9937435
101 5939300
101 5915390
101 3565337
101 2244932
101 5675818
101 3004199
101 8874725
101 4545791
101 643163
101 7970468
101 7149818
101 5314746
101 1378227
101 4252734
101 543183
101 5000582
101 2601199
101 700852
101 2553848
101 1745572
101 7232168
101 3468655
101 2625507
101 467552
101 2809553
101 8459269
101 5700054
101 608839
101 6493680
101 3351777
101 9829698
101 2142968
101 4195841
101 3824141
101 1210249
101 3720954
101 3729610
101 4487115
101 212982
101 6589161
101 4578036
101 9329558
101 1483253
101 1942499
101 4823877
101 8211508
101 9958265
101 1615486
101 5768383
101 4176666
101 5855987
101 9453741
101 5969111
101 8696986
101 7429314
101 7627849
101 3918033
101 7309086
101 9453482
101 7764054
101 391278
101 704807
101 5420829
101 2878541
101 3498940
101 7426600
101 3908457
101 391396
101 315794
101 5056938
101 3143945
101 8155787
101 3610367
101 4827300
101 7288195
101 7836457
101 5041578
101 1030767
101 4771019
101 5639811
101 395872
101 2241033
101 7000133
101 2984998
101 5908546
101 6055804
101 5120137
101 7128903
101 4352963
101 6625660
101 551333
101 112510
101 9600493
101 944107
101 6740483
101 2051026
101 3598518
101 9673035
101 5366187
101 1158888
101 6459636
101 3572354
101 9782025
101 9775257
101 6704441
101 5804194
101 9784852
101 461752
101 7200607
101 9948646
101 5951276
101 2897233
101 8160609
101 5743275
101 5219022
101 2667592
101 2829395
101 9221396
101 5828194
101 2979866
101 6393364
101 754781
101 6752163
101 129449
101 9440757
101 720018
101 3524367
101 1808825
101 4831535
101 4462958
101 7848381
101 8459732
101 7926600
101 2720249
101 7509304
101 1179817
101 170912
101 4584291
101 2453178
101 9954767
101 7681432
101 1147960
101 1927231
101 4002212
101 2677237
101 2576638
101 4326527
101 5949443
101 3446326
101 5301975
101 8312551
101 8331539
101 5849183
101 5671419
101 2259482
101 3249897
101 6464896
101 5330188
101 4622550
101 546450
101 2123803
101 7471134
101 3012769
101 9969311
101 3832810
101 2920966
101 8648345
101 495516
101 6857743
101 7668701
101 4757918
101 172990
101 760393
101 710965
101 4899065
101 2167915
101 4478260
101 6782208

162 338570051
53 5590677
53 5995060
53 6183785
53 2822704
53 6792713
53 4440743
53 4460318
53 698465
53 4233604
53 422960
53 2954936
53 1438898
53 9406553
53 702260
53 3537404
53 7809878
53 8912432
53 2443980
53 6497727
53 9408024
53 3508040
53 2417910
53 9645464
53 5025442
53 1828797
53 6210680
53 3446831
53 2666610
53 105465
53 2101255
53 1041641
53 9960113
53 2946463
53 1733731
53 1488249
53 1178967
53 4670237
53 6124597
53 1730278
53 3181381
53 6582065
53 3986412
53 908574
53 9674084
53 9466872
53 5697095
53 3042113
53 754580
53 5905966
53 201825
53 27138
53 8329908
53 6616845
53 2646669
53 2345791
53 4980796
53 9624998
53 9146975
53 4573665
53 2043862
53 5379549
53 5376872
53 1864511
53 5185771
53 6329033
53 3287502
53 404969
53 6472198
53 497405
53 19272
53 6618504
53 3941214
53 3325793
53 2546073
53 6248692
53 2044572
53 7884313
53 7458585
53 1668304
53 9254560
53 5866997
53 9886370
53 977549
53 6908656
53 6665867
53 9566400
53 4504578
53 5308146
53 1279643
53 6918294
53 1322589
53 4180582
53 455779
53 3360483
53 6541391
53 5068666
53 2251135
53 9892579
53 3882066
53 4529966
53 7323298
53 253714
53 3336810
53 2380747
53 7513996
53 1401852
53 6293840
53 7831272
53 5318040
53 9945416
53 2575610
53 699136
53 9790767
53 366742
53 6430600
53 8486771
53 1567333
53 6814422
53 5358424
53 6180251
53 2998725
53 5290290
53 4963728
53 2764953
53 7341060
53 2362557
53 3942430
53 2027391
53 7005992
53 7613859
53 5237106
53 7589780
53 7326414
53 1172244
53 2929238
53 5288783
53 8973227
53 8146744
53 5252653
53 3356687
53 5940381
53 2299905
53 2705129
53 7926638
53 9575131
53 2080843
53 1610919
53 1712300
53 3444965
53 4792613
53 5763903
53 9626176
53 9575748
53 3625145
53 3313138
53 704924
53 5897354
53 1413778
53 3123040
53 5439407
53 1736527
53 7705378

164 589301952
26 8574423
166 8574423
178 8574423
54 8574423
128 8574423
1 8574423
171 8574423
110 8574423
6 8574423
140 8574423
94 8574423
139 8574423
77 8574423
185 8574423
98 8574423
55 8574423
182 8574423
45 8574423
36 8574423
130 8574423
104 8574423
88 8574423
59 8574423
110 8574423
2 8574423
147 8574423
82 8574423
40 8574423
179 8574423
108 8574423
163 8574423
16 8574423
198 8574423
130 8574423
70 8574423
191 8574423
110 8574423
196 8574423
86 8574423
142 8574423
58 8574423
15 8574423
174 8574423
175 8574423
102 8574423
156 8574423
7 8574423
131 8574423
18 8574423
23 8574423
187 8574423
32 8574423
81 8574423
95 8574423
195 8574423
22 8574423
86 8574423
116 8574423
98 8574423
180 8574423
12 8574423
97 8574423
183 8574423
200 8574423
200 8574423
112 8574423
190 8574423
172 8574423
188 8574423
68 8574423
82 8574423
144 8574423
105 8574423
165 8574423
123 8574423
81 8574423
85 8574423
185 8574423
102 8574423
85 8574423
74 8574423
114 8574423
184 8574423
161 8574423
146 8574423
177 8574423
176 8574423
181 8574423
15 8574423
79 8574423
33 8574423
1 8574423
73 8574423
92 8574423
171 8574423
59 8574423
188 8574423
175 8574423
77 8574423
171 8574423
28 8574423
154 8574423
20 8574423
191 8574423
13 8574423
168 8574423
184 8574423
192 8574423
85 8574423
32 8574423
181 8574423
25 8574423
133 8574423
83 8574423
38 8574423
44 8574423
158 8574423
55 8574423
67 8574423
85 8574423
184 8574423
94 8574423
172 8574423
141 8574423
122 8574423
195 8574423
102 8574423
158 8574423
101 8574423
174 8574423
78 8574423
36 8574423
110 8574423
110 8574423
189 8574423
185 8574423
99 8574423
128 8574423
195 8574423
184 8574423
186 8574423
143 8574423
68 8574423
123 8574423
140 8574423
127 8574423
41 8574423
181 8574423
88 8574423
39 8574423
106 8574423
125 8574423
30 8574423
168 8574423
51 8574423
137 8574423
148 8574423
79 8574423
112 8574423
92 8574423
111 8574423
62 8574423
44 8574423
87 8574423

291 99148077
196 6061552
122 6061552
108 6061552
31 6061552
155 6061552
158 6061552
57 6061552
15 6061552
98 6061552
36 6061552
137 6061552
133 6061552
162 6061552
69 6061552
125 6061552
24 6061552
78 6061552
161 6061552
12 6061552
44 6061552
149 6061552
23 6061552
122 6061552
109 6061552
129 6061552
199 6061552
170 6061552
198 6061552
111 6061552
16 6061552
111 6061552
42 6061552
67 6061552
165 6061552
90 6061552
67 6061552
114 6061552
65 6061552
156 6061552
44 6061552
26 6061552
163 6061552
157 6061552
147 6061552
99 6061552
74 6061552
32 6061552
59 6061552
130 6061552
109 6061552
182 6061552
4 6061552
64 6061552
41 6061552
130 6061552
61 6061552
110 6061552
35 6061552
102 6061552
194 6061552
161 6061552
132 6061552
79 6061552
65 6061552
59 6061552
81 6061552
138 6061552
195 6061552
176 6061552
196 6061552
74 6061552
3 6061552
4 6061552
4 6061552
47 6061552
14 6061552
63 6061552
81 6061552
84 6061552
117 6061552
7 6061552
60 6061552
145 6061552
105 6061552
91 6061552
174 6061552
41 6061552
1 6061552
21 6061552
24 6061552
136 6061552
38 6061552
53 6061552
76 6061552
40 6061552
69 6061552
101 6061552
107 6061552
154 6061552
52 6061552
84 6061552
73 6061552
153 6061552
196 6061552
187 6061552
152 6061552
4 6061552
25 6061552
80 6061552
35 6061552
23 6061552
15 6061552
59 6061552
61 6061552
80 6061552
67 6061552
7 6061552
25 6061552
106 6061552
29 6061552
76 6061552
75 6061552
74 6061552
105 6061552
22 6061552
181 6061552
44 6061552
184 6061552
134 6061552
106 6061552
175 6061552
115 6061552
96 6061552
65 6061552
107 6061552
164 6061552
25 6061552
195 6061552
107 6061552
98 6061552
147 6061552
137 6061552
65 6061552
75 6061552
180 6061552
114 6061552
2 6061552
22 6061552
39 6061552
56 6061552
30 6061552
181 6061552
145 6061552
109 6061552
7 6061552
68 6061552
199 6061552
107 6061552
181 6061552
81 6061552
1 6061552
66 6061552
131 6061552
140 6061552
173 6061552
38 6061552
158 6061552
141 6061552
194 6061552
170 6061552
84 6061552
41 6061552
56 6061552
159 6061552
81 6061552
179 6061552
181 6061552
7 6061552
7 6061552
171 6061552
42 6061552
33 6061552
90 6061552
164 6061552
62 6061552
198 6061552
147 6061552
197 6061552
12 6061552
187 6061552
178 6061552
140 6061552
52 6061552
56 6061552
7 6061552
145 6061552
182 6061552
95 6061552
22 6061552
78 6061552
143 6061552
84 6061552
187 6061552
123 6061552
195 6061552
85 6061552
48 6061552
123 6061552
151 6061552
62 6061552
50 6061552
47 6061552
71 6061552
53 6061552
12 6061552
59 6061552
65 6061552
128 6061552
191 6061552
169 6061552
104 6061552
96 6061552
199 6061552
144 6061552
22 6061552
172 6061552
132 6061552
54 6061552
55 6061552
47 6061552
116 6061552
3 6061552
137 6061552
190 6061552
118 6061552
85 6061552
88 6061552
92 6061552
38 6061552
31 6061552
128 6061552
31 6061552
70 6061552
198 6061552
163 6061552
34 6061552
83 6061552
42 6061552
123 6061552
70 6061552
171 6061552
45 6061552
38 6061552
159 6061552
50 6061552
183 6061552
123 6061552
157 6061552
167 6061552
180 6061552
161 6061552
188 6061552
44 6061552
81 6061552
115 6061552
124 6061552
116 6061552
156 6061552
14 6061552
161 6061552
42 6061552
102 6061552
114 6061552
12 6061552
13 6061552
152 6061552
195 6061552
98 6061552
127 6061552
50 6061552
113 6061552
175 6061552
163 6061552
56 6061552
108 6061552
61 6061552
4 6061552
45 6061552
23 6061552
200 6061552
134 6061552

127 736759210
132 5944204
78 5944204
117 5944204
70 5944204
179 5944204
174 5944204
72 5944204
157 5944204
84 5944204
81 5944204
10 5944204
117 5944204
151 5944204
179 5944204
5 5944204
12 5944204
122 5944204
29 5944204
18 5944204
141 5944204
6 5944204
179 5944204
137 5944204
155 5944204
77 5944204
24 5944204
13 5944204
130 5944204
47 5944204
34 5944204
161 5944204
4 5944204
89 5944204
35 5944204
158 5944204
21 5944204
56 5944204
152 5944204
72 5944204
62 5944204
50 5944204
99 5944204
59 5944204
188 5944204
194 5944204
47 5944204
7 5944204
156 5944204
26 5944204
166 5944204
115 5944204
114 5944204
124 5944204
153 5944204
101 5944204
28 5944204
186 5944204
192 5944204
135 5944204
9 5944204
121 5944204
34 5944204
162 5944204
73 5944204
11 5944204
22 5944204
86 5944204
85 5944204
109 5944204
117 5944204
15 5944204
116 5944204
86 5944204
78 5944204
69 5944204
11 5944204
112 5944204
32 5944204
170 5944204
44 5944204
34 5944204
8 5944204
168 5944204
73 5944204
176 5944204
13 5944204
81 5944204
148 5944204
25 5944204
157 5944204
78 5944204
196 5944204
22 5944204
142 5944204
171 5944204
77 5944204
96 5944204
50 5944204
32 5944204
101 5944204
1 5944204
81 5944204
178 5944204
64 5944204
185 5944204
111 5944204
163 5944204
122 5944204
121 5944204
127 5944204
190 5944204
193 5944204
190 5944204
53 5944204
60 5944204
17 5944204
28 5944204
96 5944204
71 5944204
130 5944204
20 5944204
121 5944204
185 5944204
89 5944204
66 5944204
65 5944204
63 5944204

74 16033
3 324
3 776
173 344
13 893
62 740
52 836
145 590
54 77
128 920
117 113
147 500
170 520
54 792
68 821
52 277
143 653
165 415
191 432
145 299
36 477
97 453
96 586
8 630
150 831
159 541
132 620
137 469
146 857
104 457
121 491
68 388
24 963
39 971
191 246
16 43
51 57
85 55
121 88
42 269
199 443
22 255
10 606
88 431
143 48
40 767
133 767
6 744
105 460
165 344
158 591
172 693
21 775
20 701
197 927
82 382
191 82
82 331
108 359
72 987
192 685
100 494
191 872
70 430
14 729
142 86
11 868
197 138
122 625
3 329
40 226
84 82
194 344
60 431
7 278

214 96681
73 749
191 237
99 612
133 181
15 535
50 215
97 514
174 516
13 278
90 681
49 747
193 139
190 626
69 215
1 394
122 480
78 276
162 539
16 709
10 317
148 982
10 51
160 942
42 850
174 648
32 942
162 731
148 935
135 946
20 57
135 541
90 898
60 821
195 612
151 518
94 394
53 812
191 210
155 434
87 625
94 393
179 344
24 487
161 193
198 754
86 23
125 637
77 839
169 402
182 629
130 52
154 547
42 648
77 955
73 63
83 25
80 55
197 381
75 234
119 488
94 916
125 511
31 829
100 555
33 859
73 538
100 289
75 171
171 29
119 34
114 192
44 457
161 262
196 814
121 980
130 363
125 730
136 654
179 952
197 669
135 52
178 374
98 723
194 696
44 289
86 544
40 536
1 718
116 482
56 6
140 160
127 614
188 307
62 760
88 827
32 618
45 416
139 899
187 812
169 943
33 708
22 827
102 872
119 610
18 596
181 316
63 727
44 736
120 400
117 587
96 723
66 870
138 927
55 370
114 280
147 476
51 239
69 58
129 179
92 193
126 238
27 878
179 715
196 556
108 546
116 503
121 901
28 582
198 922
175 789
144 255
198 701
91 286
199 66
7 840
57 485
66 501
154 959
156 677
24 430
116 452
96 962
155 118
20 588
121 818
80 596
56 190
199 376
26 357
162 748
148 728
117 108
37 777
149 169
148 391
52 334
113 42
149 451
10 353
164 599
4 33
158 11
114 128
159 835
125 813
21 112
153 652
29 115
14 787
87 386
42 615
122 903
75 5
198 709
83 188
54 376
19 83
79 382
173 192
115 966
168 725
81 210
32 982
127 78
19 298
123 276
157 263
115 9
186 328
136 99
89 789
43 180
141 809
36 786
18 297
94 180
157 309
101 258
145 944
11 28
84 475
163 488
94 840
58 341
141 982
185 958
158 617
79 62
32 813
55 786
104 969
119 901
2 773
45 129

197 48399
89 512
105 881
25 815
94 588
153 812
177 99
129 998
177 431
15 785
17 430
110 171
48 424
162 725
89 829
125 676
5 292
98 313
6 679
57 368
91 865
126 233
161 716
142 422
200 470
127 580
76 648
155 295
47 411
46 1
1 396
10 842
20 984
65 310
161 872
98 367
46 852
34 609
43 914
152 413
107 811
66 241
22 346
3 54
137 259
106 611
13 51
141 652
111 574
195 710
33 973
95 651
198 968
30 352
15 693
134 997
117 49
7 463
79 60
62 20
53 844
167 437
1 985
168 82
166 31
18 374
99 944
80 559
191 181
110 143
109 321
75 581
151 971
103 653
106 13
65 263
121 174
83 382
109 511
58 766
159 49
90 222
47 861
199 713
168 282
175 380
90 237
94 453
140 571
165 509
108 581
13 628
43 916
28 33
161 769
20 365
175 141
137 881
58 961
151 233
84 562
145 896
3 4
13 751
33 934
112 121
70 600
163 777
168 626
145 702
90 680
61 174
42 461
43 827
152 85
181 527
176 65
53 577
101 685
109 991
56 948
102 147
46 961
155 842
191 985
162 234
143 421
19 598
163 795
122 961
100 987
75 803
15 146
200 602
155 324
127 410
67 893
59 87
122 806
80 448
17 928
81 867
157 796
113 840
124 768
161 686
114 274
143 69
14 970
75 445
86 865
30 502
79 498
28 714
131 532
142 616
155 811
22 446
184 965
90 790
71 211
8 646
133 968
48 128
21 901
145 530
101 476
92 801
199 806
86 359
39 855
179 788
90 520
188 232
31 994
71 730
33 737
42 895
43 60
196 339
4 80
23 634
175 983
70 56
27 955
138 69
153 410
36 428
106 583
114 100
37 93
27 992
73 638
169 446
26 943
90 583
192 115
159 316

31 6189
193 777
63 991
98 41
58 224
2 718
176 167
184 874
195 538
38 705
163 132
21 983
69 106
33 816
120 728
101 418
158 51
3 817
73 997
50 552
59 255
189 344
9 928
64 465
157 354
189 581
4 985
13 390
72 460
111 888
181 40
101 524

297 37587
143 446
51 551
6 288
43 791
28 998
198 620
146 319
184 794
193 220
101 526
46 315
178 275
48 48
53 362
195 575
106 276
144 921
199 908
112 270
155 656
26 390
36 217
183 531
141 544
71 127
151 186
106 906
186 361
43 646
137 667
78 7
62 191
194 553
110 369
82 389
42 336
56 690
114 827
87 133
129 631
164 764
150 24
127 283
26 621
92 482
59 108
170 779
181 901
38 373
182 703
184 630
194 258
190 215
117 518
59 189
98 95
2 439
21 327
60 320
173 212
13 416
159 48
31 753
162 314
50 677
132 255
23 816
189 353
68 209
57 380
40 470
118 930
32 128
95 867
49 983
99 243
116 28
94 324
100 730
110 206
117 91
161 24
68 383
182 590
116 27
41 331
72 296
29 96
171 307
40 859
126 274
121 368
139 923
84 52
84 712
81 734
7 140
81 943
101 97
120 282
130 956
142 112
142 690
189 984
159 109
44 651
84 890
54 656
21 64
164 862
180 781
185 729
33 793
88 452
4 410
134 581
71 431
167 671
198 732
50 592
173 510
187 523
113 949
46 765
174 558
68 469
60 337
170 482
41 546
4 486
19 665
25 709
65 697
163 429
200 791
152 48
159 272
137 374
31 747
39 769
16 41
14 332
139 802
152 807
123 951
38 704
198 147
67 186
89 593
195 302
173 497
108 648
29 912
67 887
32 641
182 64
149 488
131 439
80 280
183 569
169 582
125 285
50 110
8 756
131 261
110 235
90 127
46 836
13 579
171 468
138 727
160 64
46 324
105 555
139 15
60 27
149 418
88 731
35 29
102 220
192 792
89 750
123 260
121 953
154 244
89 725
87 512
16 788
195 464
132 280
146 986
118 725
152 480
116 853
173 793
78 656
58 328
174 443
49 941
89 518
68 126
192 988
138 218
137 843
144 108
141 338
184 187
19 745
155 788
103 70
69 824
107 920
81 276
102 38
130 447
186 973
184 964
94 630
198 47
116 714
169 178
43 924
43 362
196 756
17 527
37 733
63 948
126 255
110 128
30 254
3 930
47 289
200 766
180 202
184 311
27 616
104 652
15 871
10 320
53 81
167 821
18 185
82 633
161 123
154 883
14 103
174 469
68 395
147 950
28 28
91 648
76 344
104 236
22 772
161 413
10 261
190 484
38 898
149 966
5 98
37 58
95 263
15 215
41 504
45 979
189 360
32 98
114 682
37 348
62 394
99 362
32 520
9 817
104 721
169 598
160 427
113 585
31 797
163 857
175 900
190 387
42 619
73 530
115 555
62 347
123 282
198 957
74 494
165 36
113 469
26 161
129 365
97 51
57 416
100 525
176 707
24 712

50 156459200
168 4778105
87 4198744
97 5395678
190 2170353
10 9356214
164 6445746
65 8992041
134 4325729
126 8344673
72 5925977
153 4912819
53 9562347
128 4460234
86 1477580
107 2308949
76 9589435
16 4263459
150 6098814
3 5683775
62 1504942
174 8989103
156 6185114
32 271507
153 6303587
48 3381464
200 883652
145 5099458
149 7318298
177 7312196
143 9451426
93 7428162
13 506775
125 6816244
58 5456554
72 1601647
22 964379
4 5849733
181 7491162
2 5605528
62 6967631
192 5353093
185 6989312
24 9203620
191 6646102
119 3001933
63 9888137
11 439081
123 2990643
131 8270541
9 5384013

132 29341669
159 7298638
19 9521050
148 2771953
21 3674102
20 1250200
39 3360569
9 2692765
27 509548
5 7139738
48 4247378
82 9736971
186 7369317
190 75226
67 8346759
14 9624401
180 1657252
39 759814
94 8941606
10 6120135
88 6659016
47 6824242
175 2833024
166 673001
181 6876593
60 3204309
183 6040194
189 7697636
112 3083077
7 342470
148 4797301
6 1540942
162 4947881
18 6153525
27 874024
37 1388959
46 9675679
149 2394782
199 926122
139 9425346
48 1731602
132 8770144
138 2515736
191 2144418
25 5946617
45 6275311
200 8008024
39 5084021
187 6807269
186 6833400
129 4028328
157 9110590
100 3999687
87 8028529
32 9818158
178 7153433
100 4565546
104 840500
109 6400737
128 8880080
127 9573847
75 7191489
83 637712
179 6536632
87 3647568
9 949120
32 7076384
91 4454005
42 227289
172 9018081
99 8662046
127 1793468
193 1046318
75 1311134
180 3253622
148 6506702
108 8392765
153 3540770
18 5101244
125 7888704
179 665453
180 9784573
26 9682613
41 1978865
146 4659180
180 6417516
66 1182116
176 8324826
6 8627428
92 1133357
64 5661172
112 6714697
160 7561872
140 4336836
188 181606
149 6688583
100 8676436
95 4966995
57 5674353
171 859252
14 7972784
71 8419095
9 3759996
163 1185004
145 2646923
42 2686896
175 5528537
54 4000737
117 779735
137 203898
88 4949154
31 6089374
43 6141695
164 7255105
75 1410223
188 5488451
180 1649434
13 8777088
168 5154257
7 3673567
35 4236975
179 4234318
195 4675056
175 1318483
45 7607157
26 7979765
133 7842839
93 488900
31 6494279
45 9773454
33 6444316
136 9800452
139 2731401

117 270886110
35 802058
199 6599674
113 7270111
99 8499831
181 7929007
43 4259630
101 9257605
83 1250806
108 3243202
73 2488391
16 2851845
9 1400418
135 1633964
119 4802970
50 4687375
144 2125915
129 4022908
30 7899216
93 4649656
4 7996496
5 5757494
113 4936262
148 6675832
195 6246927
99 5615578
144 2412521
152 2067241
129 8386754
88 3982377
175 8049254
150 3934873
48 631419
137 8434308
42 7064321
106 8731396
124 7650150
85 4033939
134 601237
109 8332658
40 1572888
111 9858659
173 5641174
88 5140009
194 3416002
70 5144014
10 5484401
153 1581697
97 9057899
10 2034036
155 1432018
16 6646981
175 365732
52 654882
163 8231847
170 4378362
19 4314060
120 6761298
10 953164
135 8967316
195 5936330
118 7185348
162 3742696
75 4513857
200 4515634
199 5344049
95 9158455
90 5119110
156 1942540
50 4320448
16 1994109
74 6042994
138 2329944
27 1807117
123 7680041
155 6429570
110 2105055
39 7790586
55 9509618
10 2215512
64 7877933
124 3994249
13 2488748
2 6915085
187 3396228
111 4088070
33 320842
64 2337968
30 1063178
165 9268257
22 1002007
50 4932186
107 9352222
152 5757705
57 3858990
101 1634721
198 5603435
85 1167504
182 4407546
97 2612322
177 7918617
103 5248061
26 8812967
150 5635077
62 8980282
63 4539681
14 7567556
94 758174
137 1195388
15 9317840
153 2937192
84 8885277
96 3409444
74 3358549
68 1787522
173 5288696
31 2801174
141 1692010

266 966783656
91 3992298
141 7983265
43 6723739
26 329916
100 4062910
165 2672632
193 8868840
53 995633
70 8865606
192 2850360
103 9977381
177 240785
132 7438654
66 3540721
91 8826733
26 1856393
57 2554053
70 4136886
27 7905773
118 1052903
170 7729572
137 9248541
130 3615764
52 2630707
1 6100718
135 8214351
177 2191857
48 5530378
44 3014337
42 2636890
130 5057650
66 2498998
4 8382532
160 3995440
52 7848596
103 4635921
5 6840673
110 7829629
192 1505713
140 2194735
56 143546
173 80556
57 8618994
177 1782143
133 7360719
11 7113596
90 5884293
119 6384254
150 470007
60 8060585
40 5257573
148 9471678
111 1278471
152 403146
92 677522
198 9711703
173 4503383
13 3865803
132 9468284
119 6036959
33 1556315
181 251573
48 6052037
53 4836147
60 9060208
190 8899712
150 3752934
151 1447292
160 1630833
15 2335145
188 930733
112 8244148
195 7062740
6 9971213
49 1333235
163 820705
87 663852
50 7273558
83 4117568
81 8088053
53 5647349
149 1192253
155 8629314
68 9633426
77 76231
115 4041386
149 4631702
22 420050
172 3963116
78 842723
102 6585971
77 1532768
97 7907347
140 9565144
29 3705355
183 9603260
134 8309212
106 9809636
27 906426
160 9127488
28 2595734
177 352870
8 8178647
6 9721727
192 4467661
142 186485
185 6866329
131 3828164
150 7407738
11 401677
151 1003941
29 5522436
152 6467936
26 8421329
130 8386328
110 298552
152 6136163
47 4809529
8 284882
89 3354023
189 5042119
123 8649882
73 6679145
119 4192075
143 6464668
113 1447983
101 6294956
94 304713
11 943010
171 5981270
193 2787005
88 5206649
40 6272582
144 3985594
39 1839687
186 8706973
163 9308210
48 9104750
114 7799995
50 8189756
121 3786822
169 7457494
173 3107472
167 6195174
10 6777138
118 6883667
78 3679035
159 8888424
39 3302548
65 5757947
4 9560999
127 3179859
53 8362612
70 2624035
74 6226995
101 4320310
110 4904399
85 8702201
111 2093882
22 7157834
21 3274290
110 5624292
64 6334458
159 8446956
65 9186163
6 7455899
166 9601528
16 6914447
2 3698366
54 8246798
160 5994586
45 1558896
182 7543286
199 3819933
61 8891332
54 9656469
183 2461785
165 2848545
114 5235100
4 4264697
28 3440644
123 5930712
64 5821157
115 45539
69 7930349
7 1600234
32 6646005
172 6050726
107 8688994
14 3389803
110 5758648
173 5794197
194 2438059
35 5314807
87 5785387
157 7482641
54 7319325
65 4160302
152 7570176
64 1337822
112 9943380
8 397764
51 7003042
195 200401
57 855586
76 1475191
18 9669675
61 5838399
112 5578349
53 4449623
86 8043638
157 7535372
148 5684597
86 5125542
23 8795970
186 5788321
13 3343311
19 7682403
133 1995950
70 7891330
192 960975
92 2125709
160 2859429
29 7064486
174 3956506
162 3625326
51 2509080
123 8020311
116 3662798
169 1766699
8 5893836
173 8944590
102 2170097
183 2142262
170 1754885
166 9096725
163 8309918
153 1932634
88 8290982
192 9183048
199 1040360
181 9883102
3 9479716
183 1655496
28 9399660
84 5995236
67 1269301
37 5178132
45 1251459
138 8912619
199 2834677
80 3849111
135 2571934
151 8202566
174 906530
75 114728
150 3845939
3 42759
55 5759340
121 5126731
171 7162909
152 9674444
194 2688992
95 3358572
155 2534939
71 9261823

164 267311786
156 2308946
15 7633802
13 9998486
21 2530441
91 9177325
77 8658000
152 2173237
125 6804689
162 2506944
176 2755157
12 6909861
116 814858
133 5053514
192 7774236
139 2692604
191 6170554
155 228492
36 8521263
58 5716826
157 2551701
115 1153883
72 2665597
55 2591676
77 6795204
163 9855064
92 2835432
162 8947108
99 1352965
104 2294110
178 386375
70 2231574
84 3365850
30 920301
140 84977
75 8165540
144 2850849
70 8706253
25 8496526
127 4038519
150 274154
58 5698988
147 1712530
81 6965534
57 1128760
31 3748361
30 7806616
119 5224161
145 1325921
66 4526087
34 8207288
81 9423574
110 3077574
68 1896171
160 5937628
69 1743018
170 2936349
109 132538
108 1608782
128 7611205
100 8409887
88 2434848
53 626317
43 3672741
84 2321234
171 8735787
52 9022319
101 8940608
152 3858417
71 1410280
76 4590007
23 8513794
114 4730159
90 1430579
97 2658465
148 7043013
155 6665745
166 9391974
123 5203655
88 4688707
76 1565451
113 864639
197 6340430
66 851117
89 1776211
134 4006148
161 9324155
107 7366960
42 8814323
171 1280335
22 5357845
120 9912957
111 1027074
39 3099024
101 7107114
133 2169487
21 7304255
37 2739268
112 646147
73 8701727
52 7083735
5 2500612
196 1350185
33 2063802
68 3190152
188 8258303
29 8355955
43 7106970
3 3461781
129 2580113
24 2867189
139 6874599
162 1337975
52 5579347
121 5070082
83 3370205
133 7023907
137 807894
44 8995190
18 1480592
74 2148966
159 4608116
55 5766867
70 8747834
173 7240147
66 3727963
108 2378049
179 3721110
62 5532899
169 467982
42 5244662
129 362381
179 831673
8 2453547
57 7577737
189 6676560
151 897481
184 1761780
55 4691622
142 1030835
38 8964232
73 5294328
180 9220253
106 7737474
161 5235623
167 6158072
8 4353388
68 7906792
138 8907861
173 2807554
16 6347554
21 6003657
155 9055599
66 8966129
12 1153042
2 3634705
107 9715612
32 9028235
21 5253216
71 2470819
4 3565989
171 6596321
5 9400403
171 6854813
157 4143390

205 317295112
130 7854494
123 5360865
77 8086138
146 8998272
116 8740824
159 3802953
94 6562319
150 1267623
151 2036754
103 8229408
102 8912204
143 9860504
126 1339164
127 4552453
94 2274462
106 9666280
72 1894235
131 4970697
151 130014
46 9897340
32 8245834
138 2300150
89 8385920
55 6056982
192 2962853
11 251532
98 2856905
99 9156096
199 9214278
65 1604837
57 7843511
32 8735590
107 3455701
73 4847306
33 3880621
176 7423487
102 5971797
19 5071926
80 2543075
36 23211
147 5332142
21 2812202
165 5719915
164 6335141
89 7077648
6 1287003
11 117360
17 2868224
28 8200913
199 4967181
63 5871220
172 5091271
44 113652
31 3102041
195 915497
198 9195137
4 9045245
29 8193245
28 3043360
146 2120647
161 1824602
190 767703
116 7447620
156 9114061
175 699140
65 3014101
100 4923139
162 7637645
3 4477615
145 4526579
49 8319053
103 251664
160 7037193
161 6482702
79 9981599
97 5941678
170 988369
58 5161254
190 5315415
98 4054582
29 4704365
145 4533568
60 2269683
53 5000283
162 8029905
163 1102180
94 6018870
116 8376536
37 9500670
110 4847335
19 4806880
188 9054272
148 5987106
70 6112206
23 166648
90 7180741
73 123764
124 2908914
73 9684992
162 4786317
45 5292471
81 5740724
11 3263199
171 956230
1 402616
175 3437210
35 5612207
65 6116001
109 1462686
191 2030187
189 1178977
54 4596782
96 51241
69 6471593
173 1230421
38 3538149
165 6859839
157 6609205
82 7517685
142 9939978
198 8029549
146 6739057
12 3603218
152 2372988
16 3751802
123 619421
149 8020644
88 2429070
200 2083331
16 2380321
47 3495758
83 692667
172 1677165
31 7180316
152 7198316
175 2665695
17 7218453
177 4381480
37 9397491
104 3830777
179 1821991
170 9101383
145 5961219
58 4073765
190 9495601
26 973221
75 1590118
15 4124692
42 5036491
86 7177765
1 2384847
77 2921890
18 9193391
80 3613898
75 2513458
22 1801606
107 9185784
161 5552434
60 811465
125 8083766
52 6805344
122 1382468
25 5189980
124 6991895
146 5185479
54 3844553
37 2379008
154 547014
62 8857865
33 2205882
90 182365
115 8545149
28 3683207
14 4177884
70 5495447
169 7370438
174 806245
135 5873198
87 6372671
36 3100017
77 7131589
138 208487
48 132106
84 2755241
23 2559652
13 5021606
60 3521807
146 2765802
116 170406
77 653200
20 8478727
189 9396234
46 4744417
194 8621487
22 5141362
113 3460293
102 2170323
38 6622393
43 9533258
135 4138710
73 1571087
86 7746652
169 5371731
197 4870084
195 2434053

208 287257923
48 7530413
49 6624764
70 8717027
131 5071961
134 5723152
100 3389034
45 1895078
177 9688020
7 15281
107 6276330
48 2167274
45 3066045
49 5670866
99 1234394
163 4467440
135 5234516
136 6891918
178 7915589
39 2705901
87 1250402
196 5612949
136 8837226
164 792101
10 960958
86 4367570
79 2790674
85 433669
67 6484018
172 5348947
35 7118054
150 3408472
46 5729905
45 7288259
3 6374125
188 6998453
59 4143842
59 267790
163 2786249
194 3830338
76 857227
75 8124433
81 4113120
121 7361557
71 3320542
88 908439
43 59576
185 6805935
2 1078599
157 5313997
73 7534577
59 2125886
3 2114293
161 5525379
141 9133816
168 9218676
22 590866
134 5229808
195 329424
146 9513451
42 4022495
17 8341481
18 7406680
120 4696790
170 2386806
120 9690740
79 8053555
144 5389631
170 9395202
49 5275835
168 4758947
78 4364991
61 5891337
107 6162781
128 4378718
10 870915
39 8427626
53 3006551
178 1739000
95 9076907
181 7809726
17 4941678
124 8189136
33 4657814
6 679677
16 8106661
70 3689425
122 9931167
76 1983908
43 3096800
89 661152
114 3459525
82 6083099
47 3439426
101 8031395
119 6768100
92 6239649
36 5605157
106 2427431
130 2401427
36 8378319
151 9438428
28 8637765
5 3546372
47 1909491
1 1597022
35 7131625
49 5587127
109 1891166
157 7727298
157 818146
20 4138031
107 3642788
62 3982139
196 4722997
86 3037474
155 1516876
115 4508237
135 1869078
74 8512550
71 1710525
126 4901804
7 3955343
24 4154053
99 3880811
184 631785
186 4296912
20 3348491
183 6571447
119 5308631
148 7447466
3 3505148
122 7615887
116 5562337
114 9574955
107 5781099
94 3772180
187 4781620
194 596316
38 2786410
56 9949244
162 2492740
121 7045964
10 337775
192 731101
157 8392579
74 5940846
174 7478735
101 2789494
4 4035104
92 8617878
151 6243511
106 3284486
177 9066735
55 8504887
122 8821443
115 9167405
83 7093209
84 9234324
8 8016502
26 4051683
128 9489595
72 1972971
174 548799
17 9865570
58 4384310
36 978099
106 6050365
171 246895
126 3375980
167 8926648
108 1311068
13 5370464
176 4224151
165 2093515
132 8946797
23 6315311
108 2479446
48 6854925
66 3021237
196 30500
26 8255849
143 4674291
28 4818074
150 9698433
101 8588570
147 1050107
91 3106223
125 4950517
191 3820322
177 4683546
50 3478504
118 7102662
60 5152204
53 4943583
180 1625818
6 4663702
3 934715
138 4476951
33 4544841
23 1945239
165 5093655
70 614010
161 9377868
66 5883654
2 6963566
181 2944225
112 3675695
101 4873828

203 982317464
148 8809134
62 2953343
65 8178480
34 8985705
170 7513855
164 662625
69 408929
126 1622891
155 606731
87 7339444
34 807165
41 8250314
54 2319779
63 7977221
64 7776755
141 4701792
63 9828700
172 2074662
175 2565887
190 7956261
142 4993133
153 8896543
130 6521524
59 6934062
64 3809511
124 7308448
123 922359
89 7674513
126 8103168
139 5077454
142 8844574
153 3089691
131 5285728
69 7636828
182 7701973
177 6188754
79 8655123
28 7093046
33 6660249
168 1924836
140 2061150
83 4331089
137 1140827
113 5406977
198 8575797
189 4590634
168 9261671
198 6700408
161 4945411
84 6181081
60 5440336
161 4867940
126 9851153
119 1794642
134 6425652
132 9465250
83 8025125
124 2460251
48 2570477
3 2265317
59 7950128
86 7998716
114 4374862
145 7945482
106 9457588
58 7545649
68 3620284
109 5390061
120 2146869
168 3786991
5 1043568
31 1790800
173 5037972
175 3937749
63 1530366
3 1943333
156 2651505
90 2568404
99 2348573
162 5667854
163 8634533
150 7971159
69 8750160
74 613305
108 7425675
7 3579562
42 4673776
172 7421688
111 3793016
28 3294488
92 9267170
47 6139822
122 7733403
122 2881173
18 5183683
151 4135339
59 2431667
146 964378
79 9160011
24 8101426
79 3427824
130 7910521
179 8672801
170 7301919
37 9805471
8 777888
87 8311614
34 3302139
116 3585014
106 3160950
83 3101303
195 1820715
23 1952730
84 7462884
121 5856583
111 9580038
104 1286454
6 1405718
59 9179823
6 4359810
199 6028422
80 7072077
84 4460721
109 2035940
167 6655070
81 5819080
46 1587893
55 3539137
84 5610688
76 9720261
142 4050290
59 6768524
137 9873475
154 9038147
8 6701787
196 7970442
93 2333284
187 6388870
84 6154575
67 8220536
152 3104422
55 2612077
9 9769606
58 9787379
192 7527320
130 5699434
52 3993545
10 1617931
39 9745110
174 5451245
30 6969956
156 1246062
134 800276
127 5767352
49 8355689
150 5121029
9 4633722
156 1858203
30 3092225
105 8978565
127 9588632
49 8212194
72 4380277
193 6533300
19 6198166
193 8983543
82 540379
147 8631251
113 9929584
110 5332764
41 5597557
69 2868310
79 5281151
18 2812391
97 5208492
69 7618194
76 3080384
95 9368879
44 8230788
84 2494121
153 7807632
153 3060059
37 4521585
61 7741622
158 5407524
74 4874428
14 3154971
176 1550627
115 4410610
70 475704
176 3499910
169 365337
43 5083614
190 2008332
192 4809831
106 3813993
163 6193858
106 7209914
119 985187
82 7528496
86 4562050
128 2402897
25 6177441

240 39141355
149 2329611
106 3300142
75 8899018
51 3095939
172 5253927
161 1782581
190 7815571
10 2885218
102 6188766
107 8434353
154 2970374
69 2231870
122 7132205
91 8707090
200 9262935
130 5799166
44 7144125
53 5437040
60 9382320
115 7708547
107 7595737
38 3776022
185 4192342
81 8708857
115 4537935
103 1980346
11 7476295
94 2681119
117 3367273
116 3793119
112 4254116
163 2267779
125 319983
62 9443586
30 6329998
4 8960425
130 784376
14 2600545
110 7315171
110 6751437
90 1829243
132 7350011
134 5164916
157 1914888
108 3643418
77 9897787
8 7137454
116 3890636
169 987019
38 9715447
104 1047403
84 5020575
46 2123497
150 4748355
59 7585413
181 3099578
24 2643103
106 3252436
80 6144003
39 4554803
185 9603428
191 3651694
103 232552
178 5643452
124 9094493
16 8278149
42 1614815
195 4687606
98 9053806
37 8010358
22 6804305
13 2472273
26 6924365
99 6189082
156 2639330
190 4772214
164 8597984
55 9060643
56 2453261
62 7121770
198 6610413
157 3928485
169 4386164
53 2256921
78 5950770
140 6632125
166 2685091
96 4509465
143 7272122
35 1900803
37 3411840
138 5508970
74 527324
184 8495231
182 3258180
18 1339598
108 4509192
37 9481600
199 2925704
185 7523874
38 9753296
162 5021078
74 9132032
163 4989945
157 9260185
111 6825059
4 4708184
45 2187834
81 3172443
56 5064943
198 4396049
104 701323
30 9743709
21 9022031
86 2448936
138 3943119
147 5754911
30 8324571
163 6938694
129 4801690
129 9236726
85 3175475
185 7154733
109 509844
137 9563596
5 1758112
34 8918998
176 8382309
184 1615121
53 3607553
169 4863239
156 5355822
156 7111843
186 7375628
17 8958822
51 2783372
183 9703306
40 1015132
28 8963131
84 8443997
198 6587803
20 5306362
30 4952031
169 3090864
125 9283378
110 1220722
97 7358410
52 2247035
141 767966
159 3725565
37 1452926
156 6841948
17 2395937
126 9912947
1 2468978
15 6982210
44 5693298
153 2333651
123 4876152
156 1586930
58 8166247
161 7319994
112 4622988
107 2684262
14 8041319
66 8363567
42 6440694
116 1575445
91 5350791
185 2420185
94 116085
86 4162766
51 5488401
145 2616081
198 5952367
32 2093924
68 6115515
85 6873343
137 5491518
82 2640138
132 9785783
83 2107004
200 6056370
24 9348697
6 9706497
165 7630089
48 6649541
137 5550465
78 3124606
176 864163
125 7395006
66 9959546
87 5458540
105 1399824
119 7145315
91 9511987
112 2755567
25 9558726
21 7322474
54 1552880
100 2703523
114 5126605
43 2179079
161 5759080
115 2074228
74 7750545
150 7383332
120 2142257
19 1493818
42 6304989
129 6190180
104 6440571
99 1319980
74 2853652
120 2654117
48 1286695
53 6170836
199 5650983
15 9566815
24 8437376
29 8741256
13 5535329
110 7075119
81 2295800
112 6864122
199 7265017
177 8195880
33 2418939
110 7324985
141 2669487
144 7794257
179 9060544
191 2871335
167 9179945
118 4490197
46 6217827
194 9238174
166 7987136
45 2558086
182 1085793

155 181213433
13 4248264
175 7379712
50 7150767
149 5396226
21 791947
132 5797073
179 6005961
126 2996028
170 1479916
104 5345207
65 65589
140 7124911
54 5812154
140 7978275
114 267516
94 7818970
15 117751
134 3945125
181 2951283
30 8639261
63 7248105
43 5477145
49 9377974
173 9796787
133 6566045
9 8081502
6 9172036
26 1803590
152 7381581
138 4809577
18 627407
131 3105696
55 233834
118 3088130
132 6127852
101 7278236
197 2731174
10 8027487
198 4143145
77 8096630
5 3654434
124 6261530
2 6779752
62 264114
136 1340416
199 7717790
109 562656
94 5884265
93 8229888
197 3070760
22 5097628
138 9430266
23 6303240
138 3854771
154 3118137
47 2718202
119 1204966
148 7056723
176 6538197
36 5024002
14 1559136
24 1989448
144 4021018
134 6100829
32 9127135
44 4175663
39 496825
43 3869228
11 7666579
3 8439503
185 5164241
103 5048147
73 4479618
99 4516705
174 3130205
38 7488806
149 9143925
54 3305475
137 6000835
155 7640379
186 7531438
49 9378268
67 246003
63 8069434
68 1302085
73 2896096
78 9599828
191 1370058
33 8386034
112 4322058
39 2086453
171 7752944
104 1494977
61 5428790
186 8236843
104 8519864
35 5399937
151 5834163
58 1299818
28 84238
128 806472
184 6193780
145 5486162
145 9026447
132 9591344
73 2869587
133 2750667
20 2651759
158 3825667
55 5995092
156 2568651
129 3151875
30 6529775
108 8212620
21 6480688
13 291809
132 3249698
75 7089558
127 9931183
6 3097216
121 9495095
159 4998845
147 9943911
108 1481089
27 8966871
111 534874
123 8892874
1 4091649
19 5284585
86 1057595
158 4272573
119 8526826
76 4788610
192 3271119
185 7075992
183 7016877
162 6228811
66 3578802
48 1063865
91 5487738
33 1649776
15 7478467
129 2159006
200 1862795
67 6713573
6 4743924
143 1117928
187 453239
120 6816620
39 8181825
198 6435852
127 6680147
35 7473574
90 9149791
176 2946127

288 270054073
173 8865552
195 1158524
61 1224130
73 2778592
156 6135573
18 6701233
200 9872871
196 7491217
66 2747650
27 2306234
137 2270919
33 516313
77 805901
10 2383202
81 6625218
62 1433965
161 6298844
39 9250324
37 9526393
66 5478535
167 9392405
18 718790
161 5509563
27 2886491
20 9200468
193 6031753
148 974566
37 7590858
155 1765022
61 7038068
189 5591674
2 2077952
184 7557330
127 1214414
167 5302907
64 5242046
4 5476950
9 2823869
52 3364519
90 336633
67 479290
3 113744
22 3892950
38 6397311
33 4884751
27 2208112
47 2454709
32 697133
52 3734646
188 2178181
181 8630182
200 3262058
77 135861
171 2596595
72 3386929
130 210152
159 6486441
132 6197180
193 3277163
156 9578839
21 9771282
72 5078139
195 5252603
96 887153
140 7084761
154 2156396
73 1760373
94 6455990
176 1422162
132 3478907
79 2761977
19 644059
6 8310772
100 1362377
93 687117
25 8896407
79 2595055
18 1794034
109 2085540
190 1584240
159 6857189
172 9076362
2 5213274
108 1247558
181 6546120
200 99624
109 991929
2 2747002
17 9025336
177 2776540
52 6031594
52 3296070
28 2325660
161 3173453
28 2499654
62 186507
132 5229035
172 1277654
5 9105064
42 4597313
15 1661998
29 6764323
16 4902222
176 1349632
155 3068685
96 992464
78 7214182
37 4055916
138 8425773
34 4174790
101 4058797
56 7774384
197 6552558
184 5444887
28 448715
8 7557
131 5252378
151 8868184
12 6453467
83 1938426
131 2909560
108 7776993
94 2906077
3 3766668
182 1422106
176 3667786
58 8899081
197 4054359
145 1525037
60 3849798
70 6792083
184 3956726
124 6166723
2 9216447
179 8503204
180 5216674
96 5407362
27 7976439
85 4352789
13 3270501
51 4135853
31 1717409
72 9252182
140 5717414
53 4948920
138 6627884
135 3667026
189 3239248
155 8405205
57 1797640
15 3231459
143 1180430
45 6392930
49 796202
66 6365297
60 4277948
157 1519377
103 6498242
110 2766872
141 8872624
197 5966822
75 4955198
102 6512402
176 6257862
27 952756
15 4728882
170 6674367
35 4175935
36 6963707
173 6254275
47 603432
89 5423082
62 710819
22 6680255
122 4737284
183 4244499
5 7393823
110 4784807
46 7630025
137 6833026
149 9600567
30 5821967
159 8826024
103 1982910
57 5611831
93 4636271
178 7114943
23 4707869
185 7653298
20 7409352
168 9239574
66 9209806
172 3490731
38 3639652
58 1057443
19 3768803
4 2372911
183 3355064
129 2822447
176 8538359
200 466054
142 7305789
176 8835954
149 455831
68 6735380
171 6519184
198 6762165
130 4937357
189 879900
61 6496474
6 4470534
35 171488
67 5357404
87 5186041
85 7951729
168 1421330
44 1191926
120 9556693
74 7668990
79 9843974
96 2928982
28 1725243
29 9231186
166 1945559
58 8596341
84 963289
45 4325037
161 3793496
156 7534057
32 333950
34 5242916
10 3499396
119 1653167
43 3020947
52 9687856
24 7703764
101 5382026
83 8095031
121 7923636
114 3467991
4 5663869
62 9949435
131 3013740
47 5490139
40 4808030
45 7813966
46 7036342
92 2080667
113 6954427
46 2387576
17 248148
183 3944579
10 1773154
192 2787081
62 1694272
22 7889797
170 9962573
62 4017316
84 2893071
57 1919203
196 7344873
118 3254969
140 2425553
182 4483283
46 6441167
130 1412416
3 9389051
122 3848263
137 6708348
51 4118878
180 4885255
88 9156700
34 3987579
155 6493582
148 2452799
113 850933
9 590792
8 8815335
19 3006373
60 5397816
112 503806
112 2226535
16 8846033
58 797887
174 758578
141 8846013
72 3122300
85 4532803

107 380691062
76 9078425
88 4463233
118 381616
14 3394299
16 5125858
12 6160745
8 444615
58 1987454
176 7834536
103 1621154
156 4037747
108 979219
149 6328140
102 3840903
156 7461245
157 5692635
108 9979813
112 8818843
160 2310276
33 4726665
60 7730024
144 9392022
9 7718380
179 5268051
170 8817043
8 2948593
193 5043109
163 2510527
57 3230115
105 7261978
164 1370517
40 1118161
188 6515950
12 8358660
135 456765
155 5399841
3 3682290
105 466847
61 4076059
188 6375216
182 7300508
60 1131476
85 6745276
137 6680379
58 9162530
148 8061793
131 2957575
141 3774084
109 2032577
102 8164118
138 2710946
105 6117533
87 1708751
35 2503903
36 255498
146 8757688
52 7954075
133 2050084
21 4983577
50 2922046
24 2933617
169 6316673
100 8311539
64 1347405
153 8612682
81 8691130
169 3371037
32 4875090
144 4821706
71 2425863
66 5594330
78 8741096
1 2094625
167 7053671
19 8445503
25 8929234
11 7970936
95 2988369
154 9439731
194 45678
174 9270954
86 3526881
165 7719120
142 7403673
185 5397176
20 2312392
40 3088002
1 2519313
9 9565886
106 2843218
54 8030609
115 36330
94 1713952
24 117791
194 8916951
200 569798
112 9883263
128 9304623
194 2748362
117 9693200
117 6442646
184 7831481
155 2215153
128 9146526
76 6500407
102 4647175
166 6383688
