25

149 131 64 61
131 393 393 131 131 262 262 393 262 393 131 131 131 131 393 262 393 131 262 393 262 262 393 131 131 262 131 131 262 393 131 393 262 262 262 131 262 393 393 131 262 262 393 131 393 393 131 131 262 393 262 262 393 131 262 262 393 393 393 262 393 393 393 131
262 47 407
262 47 96
393 12 700
786 7 283
524 27 257
262 28 380
393 37 734
786 8 582
393 56 523
524 48 833
524 40 197
786 37 71
393 31 684
131 53 680
655 23 2
524 6 454
786 34 470
393 14 916
262 3 765
786 9 524
786 14 376
393 61 639
524 5 815
786 25 145
524 20 513
786 4 515
917 3 730
393 61 627
786 20 963
786 63 826
786 7 756
786 16 694
786 60 711
393 2 166
786 50 401
524 3 871
393 0 647
786 34 837
786 11 55
786 47 789
786 52 501
786 8 676
786 36 36
393 7 364
524 5 457
786 25 851
786 57 497
262 26 754
524 8 294
262 25 954
524 30 967
786 33 388
393 53 713
262 63 378
393 23 4
786 51 453
131 10 209
786 44 805
786 28 455
393 31 814
524 3 160

115 230 87 96
460 230 460 230 460 230 230 460 460 230 230 230 460 460 230 460 230 460 230 460 230 230 230 460 230 460 460 460 230 230 230 460 460 230 230 460 230 230 230 460 460 460 230 230 230 460 460 230 460 230 460 460 460 460 460 460 460 460 230 460 230 230 230 460 460 460 460 460 230 460 460 230 460 230 460 230 460 460 460 460 460 460 460 230 460 460 230
920 68 124
690 44 375
460 59 512
460 64 376
690 22 589
920 51 576
920 47 192
460 12 659
230 3 759
920 50 188
920 33 892
920 45 716
460 38 113
230 18 674
920 25 324
460 5 576
460 22 671
690 6 700
460 11 602
690 86 962
460 69 271
920 21 106
230 30 940
230 44 867
920 52 769
920 63 78
920 9 291
460 26 804
920 20 661
460 73 876
460 79 71
230 28 913
460 79 202
690 42 325
460 4 485
460 3 965
460 72 700
460 57 930
460 26 385
920 81 668
460 30 819
920 52 671
460 13 8
920 8 99
690 28 840
920 58 363
460 47 982
920 54 377
920 62 215
460 15 368
230 34 650
920 29 988
920 4 781
460 6 674
920 12 725
460 56 851
690 75 211
460 67 896
460 60 12
460 82 700
460 77 994
920 53 913
690 83 633
460 6 208
920 63 275
460 84 946
920 43 767
690 75 702
920 36 984
460 12 192
460 12 978
920 7 53
460 82 835
690 42 817
920 15 456
460 38 802
920 73 895
460 20 319
460 68 676
920 7 78
920 59 582
230 34 18
920 74 567
230 18 496
460 4 987
230 20 364
460 7 680
920 15 212
460 3 331
460 49 388
920 51 659
460 55 932
920 28 451
690 21 443
460 84 166
920 54 591

237 139 35 98
139 417 278 278 417 278 417 139 417 278 278 417 278 278 417 139 278 417 139 139 139 139 278 139 278 417 139 139 417 278 417 278 139 139 417
556 16 467
834 8 73
417 25 509
417 8 448
695 26 542
834 16 588
695 7 271
834 30 119
834 11 730
834 28 73
139 21 54
417 18 891
278 26 474
556 20 287
973 15 401
278 21 919
834 16 635
973 23 342
834 28 737
556 10 649
417 4 843
834 20 956
139 23 597
834 22 310
695 15 262
556 12 501
278 3 159
695 0 362
417 17 676
556 10 823
834 12 90
556 27 905
278 16 507
417 8 228
695 33 732
417 14 566
834 13 193
834 1 203
417 30 363
834 32 61
417 28 892
834 13 423
278 29 912
556 16 159
278 24 366
834 8 400
834 30 357
417 14 613
417 33 257
834 3 558
278 9 230
556 32 176
973 19 849
834 28 984
556 13 707
695 26 803
417 34 612
139 15 593
834 8 394
417 1 480
556 10 31
556 12 90
834 12 997
417 14 464
417 0 627
556 27 841
834 18 765
556 2 458
139 26 689
556 33 864
973 18 244
139 21 654
834 14 239
417 28 387
278 9 252
556 24 781
417 11 410
556 29 321
973 20 811
417 8 754
834 14 684
834 23 406
973 32 553
556 16 492
417 17 649
278 20 305
556 5 617
695 26 994
417 8 621
417 1 48
834 14 813
695 7 444
278 24 923
834 5 963
834 1 927
278 16 568
278 2 326
278 5 41

57 341 24 78
341 341 341 341 341 341 341 341 341 341 341 341 341 341 341 341 341 341 341 341 341 341 341 341
682 18 268
341 22 40
341 13 331
341 7 510
341 7 132
682 3 816
341 6 970
682 16 871
682 2 633
682 19 828
341 23 673
682 0 676
682 7 280
682 14 158
682 0 788
341 6 561
341 9 940
341 14 480
682 23 100
341 15 544
682 20 223
341 21 871
682 13 491
341 15 226
682 18 125
682 12 743
682 13 733
682 4 227
682 11 470
682 3 320
682 0 641
682 8 180
682 19 299
341 10 933
682 6 420
682 20 153
341 4 453
682 21 300
341 23 864
682 18 493
341 21 396
682 0 464
341 19 420
682 5 409
682 8 834
682 20 645
341 16 269
682 22 724
682 6 409
341 14 123
682 13 341
341 1 363
341 7 698
341 19 703
682 11 540
682 11 141
682 22 872
682 4 242
682 12 619
682 1 819
341 6 201
341 22 50
682 23 207
682 3 997
341 5 915
682 5 689
341 9 864
682 13 675
682 12 506
341 21 842
341 6 112
682 18 306
682 5 150
341 16 499
682 16 723
682 19 395
682 17 329
682 15 267

5 494 31 74
494 494 494 494 494 494 494 494 494 494 494 494 494 494 494 494 494 494 494 494 494 494 494 494 494 494 494 494 494 494 494
988 26 45
988 17 554
494 14 460
494 3 962
988 6 803
494 30 788
988 24 675
494 5 424
494 26 632
988 1 219
988 5 962
494 20 331
988 29 417
988 4 221
988 19 645
494 5 619
494 6 990
988 23 850
988 10 329
494 0 433
494 2 728
988 15 696
988 22 345
988 3 997
988 30 113
988 15 975
988 29 76
494 11 237
988 26 472
988 7 286
988 13 417
494 15 197
494 8 494
494 20 567
494 20 814
494 6 787
988 12 101
494 18 725
988 23 905
988 16 746
988 2 81
494 23 204
988 3 676
494 19 339
494 8 584
494 15 979
988 7 347
988 4 834
988 26 921
494 3 911
494 22 5
988 23 940
988 9 841
494 17 634
494 15 674
988 5 937
494 0 834
988 7 638
988 6 137
988 7 455
988 4 764
494 29 930
494 30 742
988 30 123
494 27 979
988 7 877
494 10 155
988 8 628
494 20 928
988 6 990
494 6 214
494 30 740
494 16 229
988 21 494

35 267 18 20
267 267 267 267 267 267 267 267 267 267 267 267 267 267 267 267 267 267
534 10 603
801 15 715
267 4 753
534 8 358
801 3 987
534 10 526
801 17 261
801 2 827
534 1 568
534 4 88
801 1 100
534 3 171
534 12 554
801 3 616
267 8 148
267 13 210
801 3 267
534 7 455
267 7 836
267 9 833

54 423 100 62
423 423 423 423 423 423 423 423 423 423 423 423 423 423 423 423 423 423 423 423 423 423 423 423 423 423 423 423 423 423 423 423 423 423 423 423 423 423 423 423 423 423 423 423 423 423 423 423 423 423 423 423 423 423 423 423 423 423 423 423 423 423 423 423 423 423 423 423 423 423 423 423 423 423 423 423 423 423 423 423 423 423 423 423 423 423 423 423 423 423 423 423 423 423 423 423 423 423 423 423
846 71 778
423 12 966
423 26 642
423 5 124
846 41 318
846 8 639
423 1 732
423 95 649
423 57 210
423 95 709
423 71 649
846 26 460
846 73 409
423 43 997
423 11 637
423 4 312
846 3 369
423 65 370
846 42 101
846 23 457
423 75 821
846 18 296
846 86 156
423 48 806
423 54 344
846 50 984
423 21 385
423 67 381
423 5 664
846 31 988
423 25 265
423 17 993
423 24 977
423 95 959
846 77 760
423 60 310
846 81 306
423 97 319
423 32 447
846 80 701
423 34 653
846 79 234
423 81 312
846 33 429
423 57 542
846 29 297
846 88 92
846 62 561
423 94 363
423 85 891
846 67 339
423 94 519
423 77 57
846 80 303
846 51 204
846 63 361
423 40 537
846 53 630
846 78 896
846 70 406
846 28 238
423 86 446

15 136 67 83
408 272 408 136 272 136 136 272 136 136 272 408 408 408 272 136 136 136 408 272 408 272 136 136 272 272 408 408 408 136 136 136 272 408 272 408 272 272 272 408 136 136 272 272 408 136 408 272 272 272 272 136 408 136 408 408 136 408 272 408 136 136 408 136 272 136 408
816 66 361
408 13 158
816 56 28
816 28 114
952 8 635
408 18 715
816 37 204
408 44 612
816 38 453
272 38 928
272 14 896
816 17 491
680 9 308
544 16 560
816 26 168
408 59 937
680 23 69
544 65 24
816 55 417
816 55 646
816 32 679
544 45 190
408 54 900
816 25 703
408 20 976
136 8 338
408 46 487
408 44 957
816 64 851
816 26 738
272 49 52
816 48 936
408 13 784
272 7 310
544 34 828
816 19 742
408 11 24
272 34 917
680 9 108
816 55 872
816 0 330
544 5 72
408 11 131
136 29 371
272 10 483
544 40 867
408 59 322
408 11 272
816 0 713
816 2 321
816 44 173
408 40 789
272 1 364
408 52 706
544 1 208
816 11 155
272 10 815
816 36 676
816 25 221
816 2 690
544 47 196
544 10 21
272 21 461
544 36 473
952 60 688
816 18 247
544 51 567
408 20 656
680 63 817
544 24 202
136 6 483
544 47 837
816 28 982
816 48 12
136 22 969
408 22 237
816 18 175
952 8 986
952 53 472
816 26 725
816 61 294
816 38 613
816 38 358

34 346 54 98
346 346 346 346 346 346 346 346 346 346 346 346 346 346 346 346 346 346 346 346 346 346 346 346 346 346 346 346 346 346 346 346 346 346 346 346 346 346 346 346 346 346 346 346 346 346 346 346 346 346 346 346 346 346
346 32 339
346 23 479
346 0 337
692 0 421
692 35 981
692 9 423
346 43 532
692 50 979
346 53 965
692 36 340
692 1 681
346 5 492
346 44 661
692 7 310
346 41 806
692 16 655
346 47 789
692 36 365
692 45 602
692 6 951
346 2 239
692 23 627
692 10 882
346 11 240
346 35 639
692 20 712
692 2 816
346 35 206
692 30 521
346 33 612
692 30 485
346 53 9
346 39 898
346 9 193
692 23 350
692 24 891
346 48 936
692 18 362
346 12 318
346 2 789
692 2 483
692 30 419
346 19 936
692 28 538
346 14 971
692 36 158
692 12 924
346 18 761
346 46 567
346 0 705
346 3 847
692 22 538
346 43 743
346 18 939
692 41 290
692 25 348
692 8 636
346 9 917
692 18 774
346 40 315
692 41 113
692 3 319
346 25 200
692 34 840
346 25 721
346 0 444
692 41 767
692 7 567
346 38 890
346 4 10
346 47 827
346 39 209
692 4 701
692 33 148
692 51 898
692 37 400
346 10 14
692 47 658
692 41 440
346 53 486
346 34 363
692 21 8
346 22 802
346 2 640
692 26 997
692 52 746
346 36 703
692 24 125
346 2 416
346 51 62
692 49 424
692 13 48
346 29 303
692 10 34
346 7 904
692 34 151
346 21 690
346 6 229

25 213 62 74
213 213 213 213 213 426 213 213 213 426 426 213 213 213 213 426 426 213 426 426 213 213 426 426 426 426 213 426 426 213 213 213 213 213 426 426 213 213 213 213 426 426 426 426 426 213 426 213 426 426 426 426 213 213 426 426 213 426 426 213 213 426
426 57 399
213 47 76
852 49 442
852 40 398
426 37 142
852 31 523
639 4 120
639 38 222
852 9 828
852 28 913
426 46 170
426 0 651
852 6 890
852 52 936
852 50 365
426 55 488
426 4 461
426 16 821
639 3 655
639 21 68
426 5 131
852 34 828
426 25 395
213 20 907
426 31 277
426 42 164
213 7 38
852 42 709
852 39 118
639 56 817
852 0 749
639 38 919
852 42 1000
426 34 434
426 44 61
852 48 134
852 48 620
426 59 876
852 56 170
852 37 653
852 40 387
426 15 900
426 33 456
426 59 455
426 37 325
852 23 183
426 9 171
852 12 288
426 37 143
426 42 486
426 39 351
852 4 232
852 2 912
852 11 520
426 35 325
639 37 822
852 18 982
852 2 700
426 18 556
852 52 821
426 54 79
213 11 311
426 39 831
852 15 852
213 36 596
426 40 900
852 41 806
426 41 511
213 33 76
426 40 594
852 44 629
426 28 13
426 19 730
426 23 952

4 280 8 39
280 280 280 280 280 280 280 280
560 0 507
280 0 376
560 5 288
560 5 95
560 3 227
560 1 146
560 4 245
280 5 94
840 4 542
840 3 753
280 0 15
560 3 740
560 2 102
280 5 824
840 2 150
280 1 996
560 5 98
280 5 61
280 0 759
280 3 82
560 5 372
840 7 693
280 0 663
840 5 579
840 6 89
840 1 436
840 3 285
840 5 665
560 1 439
840 4 930
560 0 848
560 4 294
280 0 578
840 3 287
560 1 646
560 7 379
280 0 75
560 6 980
560 0 497

11 313 12 72
313 313 313 313 313 313 313 313 313 313 313 313
313 10 61
313 0 716
939 3 681
626 11 805
939 11 367
939 6 362
626 7 120
939 3 487
313 2 5
313 10 139
313 9 752
626 4 638
313 6 459
313 11 341
626 9 575
626 0 667
626 10 434
626 4 636
313 6 169
939 0 149
626 4 262
626 0 98
939 7 810
939 2 178
626 3 427
626 2 504
939 0 73
626 7 95
939 10 294
626 6 680
313 6 268
626 2 891
939 8 659
313 2 887
313 5 374
313 3 982
939 11 437
626 1 455
626 10 764
313 3 323
939 6 881
313 10 771
313 2 166
313 3 549
939 11 776
939 2 701
939 7 518
626 3 689
626 5 987
313 9 179
313 4 472
313 7 544
626 8 973
313 3 695
313 8 223
626 3 461
313 1 799
313 4 371
939 6 685
313 9 136
313 10 444
939 10 291
626 1 929
313 2 500
626 10 431
313 11 738
313 8 570
626 8 973
939 3 543
939 2 514
313 11 677
626 9 240

35 361 58 89
361 361 361 361 361 361 361 361 361 361 361 361 361 361 361 361 361 361 361 361 361 361 361 361 361 361 361 361 361 361 361 361 361 361 361 361 361 361 361 361 361 361 361 361 361 361 361 361 361 361 361 361 361 361 361 361 361 361
361 57 270
722 45 238
722 2 532
722 49 241
361 41 304
361 9 50
722 46 497
361 40 474
722 42 988
722 0 508
361 32 743
361 17 591
361 37 448
722 23 439
722 1 501
361 37 557
722 40 611
361 32 55
361 50 735
361 8 736
722 14 157
722 13 27
722 12 93
361 24 241
722 30 750
361 35 447
722 17 218
722 20 583
722 49 503
361 52 253
361 48 403
361 45 313
722 11 863
361 35 480
722 29 888
361 51 742
722 55 550
722 16 496
722 39 691
361 55 948
361 31 427
361 54 266
722 24 433
722 48 756
361 28 791
361 52 825
722 49 265
722 5 407
361 22 562
361 55 4
361 8 277
361 30 387
722 31 315
722 6 950
361 47 234
361 45 658
361 10 658
722 39 576
722 5 220
722 36 423
722 17 158
722 24 481
361 54 833
722 22 354
722 4 724
361 37 406
722 57 522
722 21 521
361 29 646
722 50 209
361 5 445
722 37 106
722 46 273
361 43 588
361 44 480
722 55 354
361 37 432
722 9 592
722 52 967
361 31 908
361 46 320
722 24 578
361 45 513
722 36 788
361 43 679
361 24 955
722 37 775
361 54 847
361 19 51

63 147 100 85
147 147 441 294 147 294 294 147 147 147 147 441 147 147 147 294 441 441 294 294 294 441 294 294 147 294 441 294 441 294 441 147 294 441 147 147 441 147 294 441 294 294 441 147 147 441 147 294 294 441 294 147 147 294 147 441 441 294 294 441 294 147 441 294 441 294 147 441 441 294 441 294 294 147 294 294 441 441 294 294 294 441 441 294 147 441 147 441 294 294 147 441 441 441 441 441 441 147 294 441
882 28 117
882 2 959
294 40 434
882 41 304
294 14 313
882 85 301
735 10 733
147 90 860
882 45 399
882 48 480
735 0 143
882 18 681
294 19 407
882 97 234
882 52 674
441 99 950
882 32 951
882 40 226
147 24 783
882 91 588
882 87 19
882 19 107
882 71 721
588 53 83
588 0 273
588 69 879
588 89 229
294 38 203
882 15 853
588 4 982
882 93 917
882 92 375
882 62 407
588 18 361
441 13 920
588 1 852
441 16 262
588 19 32
441 17 540
882 20 744
882 1 734
588 78 804
441 76 946
588 79 658
882 24 677
882 78 233
588 3 578
441 26 827
294 63 984
294 52 228
441 8 498
294 90 432
294 0 225
588 1 379
441 61 736
441 51 416
735 84 913
294 98 406
882 34 148
882 29 778
441 56 561
441 59 983
588 79 260
441 44 646
441 43 740
882 40 19
588 40 654
441 26 262
294 15 775
147 12 622
882 42 574
441 56 596
441 7 718
441 42 457
882 80 471
882 92 194
882 49 888
882 64 84
294 5 572
882 16 603
588 75 614
294 78 694
882 45 538
882 25 286
441 30 975

13 376 20 29
376 376 376 376 376 376 376 376 376 376 376 376 376 376 376 376 376 376 376 376
376 17 194
376 2 842
376 17 873
752 5 351
376 0 881
376 5 963
376 11 642
752 12 18
376 7 142
376 9 538
376 17 572
752 3 930
752 4 348
376 7 801
376 5 565
376 8 618
376 7 690
376 13 884
752 12 906
752 5 986
376 14 648
752 9 962
376 16 575
752 9 402
376 15 234
376 5 610
376 0 546
376 2 529
376 4 444

13 409 42 33
409 409 409 409 409 409 409 409 409 409 409 409 409 409 409 409 409 409 409 409 409 409 409 409 409 409 409 409 409 409 409 409 409 409 409 409 409 409 409 409 409 409
409 2 806
818 1 676
818 15 328
818 1 38
409 39 79
409 39 699
818 8 674
409 0 610
409 20 164
409 34 627
409 37 226
818 17 113
818 23 914
818 3 449
818 3 924
409 17 398
818 41 654
818 38 272
818 27 525
818 5 400
818 41 757
409 27 33
818 39 87
409 11 106
818 11 161
409 32 643
409 22 26
818 5 96
409 7 646
818 14 562
818 30 262
409 25 807
818 37 588

40 149 3 93
298 298 298
298 2 531
596 2 837
894 1 417
894 1 666
298 2 183
894 1 243
894 1 599
894 1 198
596 1 910
596 1 497
596 1 266
596 0 710
298 2 399
596 2 976
298 2 615
298 2 285
596 0 875
298 1 313
894 2 172
298 2 626
298 0 581
298 1 224
596 2 45
596 2 846
298 2 375
298 1 90
298 0 906
298 1 922
894 2 721
894 0 830
596 1 995
894 2 616
596 2 332
596 0 308
298 0 275
596 2 381
298 2 965
298 1 760
894 1 751
298 0 126
596 1 863
298 2 387
596 1 780
894 0 212
298 1 711
298 2 115
894 1 561
298 1 249
894 2 9
596 0 380
596 2 683
298 0 105
298 0 253
596 0 605
298 2 811
894 0 873
894 2 204
596 1 594
894 1 340
298 1 907
894 0 754
298 2 399
596 0 51
298 2 591
298 1 943
894 0 591
298 1 591
596 0 378
596 2 382
894 0 59
298 2 49
298 2 1000
894 1 102
596 0 420
298 0 907
894 2 303
596 0 957
894 1 787
298 2 571
894 1 92
894 0 246
298 1 503
298 2 959
298 1 754
298 1 217
596 1 511
596 0 899
298 0 218
894 0 218
298 2 831
894 1 723
894 2 875
298 0 747

24 243 6 74
243 486 486 243 243 243
729 3 811
243 3 49
972 2 541
486 1 15
729 3 641
972 4 275
486 4 90
972 2 69
729 3 615
486 0 434
729 4 883
486 0 878
972 4 126
486 1 395
972 1 526
972 4 317
729 5 366
972 2 469
729 5 351
972 2 807
729 0 804
486 2 599
243 5 418
486 1 471
486 2 966
729 4 722
486 2 382
486 1 341
729 4 677
243 4 31
486 3 360
972 4 134
729 4 278
972 0 364
486 5 953
243 5 269
972 5 23
486 2 772
729 0 395
486 2 69
729 3 852
729 5 379
486 2 921
243 5 463
729 5 916
486 2 868
729 3 197
972 4 267
972 4 382
972 0 485
243 4 297
243 4 486
243 5 957
972 4 887
972 2 696
972 3 591
729 3 520
486 2 614
972 2 575
486 1 874
486 3 90
486 4 835
972 2 225
972 5 143
972 2 1
972 4 999
486 4 824
729 3 565
972 4 134
243 5 8
243 3 278
972 0 996
243 4 808
486 5 591

60 305 94 54
305 305 305 305 305 305 305 305 305 305 305 305 305 305 305 305 305 305 305 305 305 305 305 305 305 305 305 305 305 305 305 305 305 305 305 305 305 305 305 305 305 305 305 305 305 305 305 305 305 305 305 305 305 305 305 305 305 305 305 305 305 305 305 305 305 305 305 305 305 305 305 305 305 305 305 305 305 305 305 305 305 305 305 305 305 305 305 305 305 305 305 305 305 305
305 64 84
305 48 719
610 48 214
915 0 72
610 93 13
610 63 158
305 72 718
915 63 948
610 88 62
305 30 161
305 58 467
915 47 642
305 31 225
610 61 737
610 11 941
915 47 963
915 87 124
305 79 898
915 27 487
305 82 29
305 37 802
915 35 151
610 39 21
610 79 680
305 25 512
610 89 134
915 18 673
305 33 637
305 68 164
305 1 696
610 8 861
610 28 622
305 71 432
305 32 524
610 68 950
305 29 341
915 60 982
610 30 827
915 21 815
915 64 975
915 58 945
610 25 539
305 58 138
305 48 122
305 5 983
610 3 942
610 53 281
915 57 873
305 8 68
915 32 896
305 47 979
305 21 251
610 45 598
915 58 503

66 53 74 84
212 477 106 318 477 53 159 53 265 318 106 318 159 477 371 371 53 318 424 424 371 106 212 318 265 53 265 424 371 371 212 477 424 265 159 159 159 53 265 53 318 53 53 424 318 477 159 106 318 212 477 106 477 318 212 212 477 53 424 265 106 477 53 159 265 159 477 212 106 265 371 477 265 424
318 48 463
371 28 192
265 72 376
371 20 1000
477 71 632
477 45 798
848 58 150
424 32 822
795 26 505
424 19 661
636 34 552
795 69 537
530 33 186
848 43 51
159 12 82
477 50 449
477 42 22
636 65 601
848 58 761
159 12 769
318 53 211
265 26 913
636 11 468
689 16 593
636 54 55
636 55 519
848 16 910
636 55 610
636 23 80
795 72 720
318 40 740
265 64 388
954 45 730
636 17 537
318 11 902
954 65 524
848 16 725
954 23 693
636 3 553
954 61 411
795 69 52
636 48 74
371 15 73
636 23 434
901 39 676
954 4 925
795 35 858
636 48 357
106 51 904
477 13 670
424 27 945
742 20 125
848 67 79
318 3 617
954 9 801
318 68 341
530 33 94
848 21 266
795 34 911
795 64 996
742 15 429
477 4 586
636 53 406
371 29 421
159 12 212
848 54 992
636 44 885
848 30 177
954 1 325
530 72 117
848 67 165
954 44 206
954 4 276
424 58 334
848 73 297
954 35 991
530 26 10
424 67 15
954 11 438
636 54 418
424 18 949
318 2 359
318 9 385
636 30 991

123 496 36 90
496 496 496 496 496 496 496 496 496 496 496 496 496 496 496 496 496 496 496 496 496 496 496 496 496 496 496 496 496 496 496 496 496 496 496 496
992 21 44
496 20 116
496 19 493
992 24 531
496 1 741
496 8 387
992 2 706
992 14 973
496 24 426
496 33 787
496 23 940
992 17 586
992 3 754
496 5 145
496 21 242
496 7 713
496 0 750
992 16 961
496 12 828
496 23 79
992 20 150
992 15 566
496 25 821
496 1 111
992 26 906
992 21 46
992 34 334
992 17 826
496 25 30
992 1 377
496 22 430
992 9 542
496 31 567
992 9 26
496 5 553
496 16 354
992 4 502
992 24 553
992 22 241
992 16 491
992 25 168
496 34 601
496 1 465
496 27 75
992 23 240
496 6 482
496 16 197
992 28 996
992 19 502
496 6 245
992 9 814
992 22 132
496 23 514
992 1 22
496 11 639
496 18 792
992 0 309
992 17 582
992 33 806
992 7 54
496 16 986
992 34 479
496 0 374
992 35 10
496 12 182
992 18 911
496 31 724
992 32 392
496 7 726
496 5 308
496 17 320
496 4 969
496 2 963
496 5 193
496 1 104
992 2 576
496 11 456
496 10 197
992 10 723
496 16 989
496 12 43
992 27 674
496 14 950
992 34 723
496 21 636
992 24 486
992 10 560
496 2 19
496 3 124
496 32 632

13 306 63 65
306 306 306 306 306 306 306 306 306 306 306 306 306 306 306 306 306 306 306 306 306 306 306 306 306 306 306 306 306 306 306 306 306 306 306 306 306 306 306 306 306 306 306 306 306 306 306 306 306 306 306 306 306 306 306 306 306 306 306 306 306 306 306
612 43 907
918 62 584
918 31 984
918 5 855
306 19 251
306 25 424
612 60 494
306 10 877
306 10 664
612 55 517
306 44 278
612 55 314
612 55 638
918 58 280
918 47 580
306 13 640
306 48 145
612 11 290
918 24 924
306 21 69
918 23 144
612 58 1000
918 49 345
612 10 613
918 41 640
306 18 965
306 0 258
306 50 448
918 29 338
612 30 531
306 56 436
918 31 338
612 39 47
612 45 572
918 40 894
306 45 385
612 6 233
306 41 320
918 9 655
918 24 390
306 47 514
918 30 482
612 55 153
306 10 437
306 2 751
918 16 943
918 40 969
306 35 998
918 17 744
612 41 833
306 52 953
306 3 390
306 58 681
306 41 356
918 5 963
612 31 142
918 10 829
306 29 666
306 50 623
612 32 462
612 12 852
612 12 562
306 54 22
306 52 3
306 20 901

40 266 30 64
266 266 266 266 266 266 266 266 266 266 266 266 266 266 266 266 266 266 266 266 266 266 266 266 266 266 266 266 266 266
266 17 386
532 9 141
798 13 323
532 22 710
266 13 280
266 11 190
798 24 578
266 19 472
266 17 347
266 4 112
798 5 668
798 3 535
266 10 36
266 25 603
798 11 924
532 13 908
266 3 351
266 11 450
798 15 165
532 9 66
532 1 443
266 20 880
532 25 638
798 0 11
532 18 219
266 0 666
798 6 67
266 14 467
266 25 384
266 20 238
266 11 221
532 5 596
532 15 259
532 1 17
532 19 368
266 19 980
532 22 758
798 15 353
266 26 886
266 28 600
266 21 662
266 8 744
798 23 304
266 23 445
266 12 345
798 21 970
266 2 273
798 16 578
532 4 740
532 5 892
532 23 963
798 9 489
532 22 873
266 4 320
798 0 130
532 16 156
266 1 974
532 2 68
266 18 854
798 22 227
798 27 290
532 0 136
532 15 44
266 21 714

134 108 64 80
216 216 216 432 216 324 108 216 108 108 216 108 432 324 108 216 324 324 324 324 432 108 216 108 216 216 432 108 108 324 216 432 432 108 108 324 108 324 432 324 108 432 108 324 324 216 216 108 324 324 324 324 324 216 324 324 324 216 324 108 108 216 432 216
648 10 960
540 42 773
756 9 649
864 62 739
972 39 865
324 16 879
756 28 46
432 14 875
324 17 973
648 11 857
972 44 970
756 28 370
972 54 649
648 27 292
324 51 702
540 9 260
864 15 265
972 44 647
972 5 444
864 62 487
216 14 456
108 60 645
540 11 933
864 26 767
432 26 230
972 35 187
432 4 500
432 41 185
324 18 569
972 37 867
648 37 167
648 46 955
540 59 74
972 8 962
864 32 559
216 45 66
432 8 144
648 55 41
432 46 996
648 57 903
864 8 369
432 62 365
972 16 693
216 14 390
216 45 891
648 63 591
972 33 236
432 41 124
864 38 640
972 54 543
324 55 485
216 2 663
648 18 621
972 23 393
216 59 335
648 39 898
972 55 442
972 48 559
324 48 441
972 37 967
216 33 751
972 17 618
432 34 101
648 61 154
648 17 149
648 5 325
864 62 918
432 41 505
432 4 145
324 54 746
108 47 310
648 28 1
432 7 408
648 59 834
648 24 985
972 29 787
756 14 384
648 53 619
324 35 231
972 52 408

30 154 45 95
154 154 308 462 154 154 154 462 462 462 154 462 154 308 308 308 154 154 154 154 154 308 308 462 154 308 154 154 154 462 462 154 308 308 462 308 154 154 154 308 308 308 308 462 308
924 12 299
308 6 839
616 44 707
308 1 967
462 6 623
924 42 520
616 33 447
924 41 482
770 17 637
308 44 885
308 15 438
462 30 998
462 7 423
308 19 277
308 42 126
924 24 479
770 10 436
616 36 616
308 0 261
462 34 275
462 29 648
924 44 912
308 28 652
308 18 985
924 3 883
924 16 991
924 18 743
924 11 553
154 28 651
924 34 882
924 41 854
308 21 49
462 36 16
308 4 102
924 4 483
770 28 763
308 44 478
308 14 942
462 23 486
308 0 303
924 38 833
154 36 482
770 4 482
616 37 699
924 14 112
462 9 532
616 42 620
924 29 28
924 0 424
924 34 397
616 37 714
462 7 495
924 24 178
924 31 340
924 15 720
770 24 37
924 3 355
770 16 814
308 35 415
462 36 742
462 26 941
462 30 988
462 19 144
308 21 660
770 24 159
616 22 187
924 6 510
924 2 808
308 27 277
924 30 98
924 22 664
924 28 762
924 36 79
616 20 714
154 12 614
924 29 762
308 26 107
462 29 856
308 36 906
308 37 158
924 2 479
770 6 414
924 5 556
616 16 586
924 42 247
308 13 831
770 28 117
924 26 178
308 32 526
462 26 659
462 24 280
770 16 893
462 23 988
462 7 171
924 35 897
