19

5
-1 2
0 1
0 0
0 4
2 3

10
1 3
-1 6
0 9
1 1
1 4
1 8
3 0
8 2
4 7
4 5

15
-1 10
4 7
6 8
0 12
8 9
13 0
4 2
1 3
0 1
4 5
1 13
5 6
4 4
8 11
8 14

176
-1 88
47 54
74 96
84 69
132 149
11 49
15 123
10 118
59 159
101 55
30 92
99 160
105 134
30 53
18 174
120 144
80 138
97 5
150 20
27 143
60 108
18 47
102 129
50 91
103 99
15 19
153 119
74 31
73 162
71 30
0 12
128 7
165 33
139 115
105 120
116 152
135 94
79 121
71 16
171 24
4 90
0 110
86 8
99 86
71 51
167 155
35 71
84 161
106 27
59 38
79 125
158 163
104 85
119 112
118 168
2 63
156 10
113 89
40 35
71 65
132 52
96 166
74 139
132 4
71 109
113 141
157 78
41 111
137 21
18 48
49 165
30 132
64 116
116 124
41 61
112 142
0 151
72 164
73 133
62 72
64 173
118 114
43 18
137 93
86 154
64 171
49 145
131 40
31 3
174 106
60 2
3 6
69 146
129 81
7 26
150 36
64 137
171 103
62 127
103 128
15 44
168 122
110 175
74 113
165 147
82 126
101 87
37 15
131 107
137 105
41 153
26 68
39 75
6 135
144 79
67 83
132 157
142 9
164 42
17 80
41 37
132 84
38 0
84 41
158 95
164 46
55 32
2 97
67 140
27 25
43 23
74 34
103 59
31 130
69 60
95 102
68 76
71 39
0 131
15 167
102 66
16 136
134 73
61 1
103 14
100 70
122 170
69 82
128 67
174 43
6 45
6 101
137 11
96 62
103 158
119 58
125 156
120 104
97 77
121 172
157 29
73 74
4 150
30 13
0 17
121 98
164 117
134 50
90 22
103 169
112 148
0 100
132 28
129 57
164 56
172 64

813
10 692
23 791
169 606
68 221
432 234
12 706
540 17
290 639
566 428
430 273
82 749
82 604
295 736
47 253
1 709
432 118
152 544
632 93
377 592
589 705
82 186
385 291
788 525
663 809
162 687
790 217
97 785
302 772
149 264
510 182
544 259
146 579
570 423
3 38
563 15
125 194
584 7
768 528
559 760
810 757
764 168
670 771
0 546
680 44
558 9
190 534
146 576
109 531
0 439
734 399
112 480
682 601
443 96
289 708
292 537
137 107
187 315
12 56
215 460
661 504
376 141
754 197
335 63
27 482
811 410
469 483
663 806
90 503
185 786
360 321
733 343
168 390
615 338
760 391
597 274
713 498
695 562
377 80
402 305
384 421
478 374
227 362
155 800
544 420
42 354
647 289
559 214
598 655
675 474
721 211
169 580
19 384
575 66
341 453
492 19
97 556
22 357
66 789
515 668
738 230
595 540
692 249
377 685
726 31
66 405
423 542
77 55
598 699
185 105
644 583
475 455
700 287
536 591
302 631
780 650
247 200
316 111
406 125
285 425
768 638
45 255
750 164
449 97
609 766
624 242
431 371
491 98
403 334
392 216
780 479
153 40
391 149
191 263
293 323
788 308
342 513
454 387
592 496
155 741
653 70
110 364
191 629
663 666
670 657
91 285
663 751
14 645
688 555
19 651
802 317
678 232
295 185
27 577
694 114
453 2
675 801
625 209
275 247
436 92
417 369
358 51
274 188
810 759
413 676
609 683
594 43
290 795
475 189
663 794
805 698
445 582
101 165
427 161
114 492
545 630
568 612
377 541
668 355
187 54
198 646
66 715
302 768
771 434
87 613
23 190
82 787
656 426
786 361
689 478
389 723
454 543
185 669
775 142
552 145
575 147
757 331
596 652
681 584
302 797
5 518
27 500
281 505
274 329
696 509
507 406
12 176
555 162
22 250
491 465
778 508
677 302
394 573
411 170
234 48
257 206
592 804
780 454
516 336
442 99
498 228
495 82
537 138
538 372
90 6
410 104
592 730
603 23
215 486
383 279
783 33
592 714
247 112
582 245
247 251
27 301
243 747
537 13
298 547
601 29
299 779
87 414
480 237
162 728
675 753
259 119
279 316
230 312
806 272
272 3
66 788
239 46
408 198
402 623
592 642
41 157
400 636
41 729
41 725
789 213
494 163
169 502
401 403
175 270
559 625
602 342
367 12
497 121
180 166
317 65
524 224
778 658
146 558
557 566
199 295
789 444
524 808
155 790
302 594
369 223
475 535
727 373
670 780
795 201
666 320
1 557
215 775
320 740
366 191
97 702
290 792
535 798
107 520
66 635
334 345
195 102
249 782
225 602
114 626
143 608
399 783
760 25
175 254
215 799
783 239
681 552
772 385
26 695
95 53
111 131
389 565
215 754
491 665
488 327
397 622
671 233
317 58
41 770
474 451
643 83
191 491
302 748
402 641
756 553
697 360
732 100
408 167
453 632
704 268
760 731
399 746
755 34
458 140
750 36
301 195
41 624
14 413
537 183
145 497
573 193
257 664
565 359
516 599
215 684
596 366
675 793
391 386
289 490
532 181
382 578
14 261
778 94
346 113
345 87
522 284
219 0
489 205
759 156
1 767
59 487
355 204
281 686
88 306
335 299
381 522
134 296
88 376
624 656
547 468
31 174
279 495
82 271
356 143
456 64
670 680
137 459
625 380
547 440
800 718
402 419
173 116
568 348
485 712
559 774
675 737
453 514
337 377
260 441
480 151
767 30
670 777
201 318
299 427
179 397
795 240
162 620
189 381
718 501
180 640
343 225
663 784
624 663
306 554
592 693
704 609
597 593
587 452
397 133
549 77
285 720
613 506
255 559
203 446
516 653
286 735
626 611
162 560
190 363
313 445
443 388
412 431
145 150
41 219
677 401
689 628
804 350
225 649
19 533
644 394
147 81
808 530
808 561
39 681
80 244
435 208
627 215
357 752
173 278
543 16
798 67
196 303
364 290
12 726
704 171
567 400
288 432
23 802
598 633
485 603
399 481
138 332
671 265
230 375
598 349
27 674
344 739
328 610
425 435
767 550
75 415
239 691
601 267
329 430
460 88
202 212
560 365
405 122
143 314
404 484
782 89
311 499
723 243
345 344
502 134
183 311
26 765
286 575
667 49
75 158
38 574
680 319
778 464
303 59
431 313
53 618
396 472
609 756
780 172
329 370
670 647
478 277
586 207
597 716
54 463
728 256
805 660
95 222
189 654
97 144
179 586
134 252
414 260
412 539
779 412
467 292
733 581
310 73
598 523
14 416
203 128
561 42
296 352
560 184
177 45
811 294
142 368
535 734
704 688
578 74
548 117
201 41
628 404
144 152
71 341
546 1
663 810
253 85
528 325
685 485
679 383
162 4
162 61
453 409
125 202
113 210
772 132
663 807
559 673
51 322
636 659
251 106
125 75
487 307
713 382
802 95
344 527
329 743
269 21
328 471
647 411
225 701
696 433
424 227
303 236
562 238
766 14
675 596
188 283
703 589
422 60
290 776
759 488
689 585
675 246
447 536
545 713
107 689
478 510
211 526
624 697
67 18
180 598
19 275
718 155
791 220
185 177
494 605
424 101
386 408
458 226
76 398
516 511
123 248
802 347
586 52
256 124
652 450
357 587
179 515
538 634
295 727
439 47
14 129
663 811
267 115
66 805
408 621
41 670
82 758
243 703
478 519
810 20
415 418
295 424
299 407
593 103
445 755
706 392
24 568
117 68
26 778
556 154
191 564
287 123
82 617
588 288
768 551
461 393
68 677
693 339
646 10
564 470
715 346
402 437
196 269
652 732
1 742
592 762
640 293
360 607
135 257
405 449
491 69
41 139
346 326
176 462
339 304
107 661
148 37
538 169
348 443
289 733
389 595
586 159
343 353
97 761
677 90
777 340
290 571
144 258
549 644
125 120
70 282
123 750
216 337
169 160
38 79
483 466
549 521
603 192
189 330
319 199
441 524
693 179
-1 812
0 86
378 178
31 467
636 548
772 671
187 266
290 781
339 310
274 218
484 389
382 616
215 803
440 71
695 545
625 690
613 429
292 324
5 627
225 648
568 356
524 84
733 493
609 637
641 422
624 572
488 643
209 180
729 600
377 262
168 358
23 667
485 745
804 694
435 436
715 300
564 126
778 707
801 173
87 396
524 796
185 700
518 76
288 456
18 78
445 50
789 229
23 517
765 109
376 297
292 597
11 235
329 461
170 286
577 32
296 549
256 563
589 442
613 367
435 682
566 476
49 328
625 135
60 130
545 710
230 475
810 678
557 469
308 35
382 280
26 588
366 619
8 136
108 22
151 28
455 309
515 378
243 335
504 281
764 27
502 110
730 137
22 473
134 57
487 5
153 24
249 458
679 333
0 39
353 146
563 402
640 477
399 711
524 721
795 529
807 196
276 614
344 764
536 62
341 203
587 276
423 351
9 127
200 494
302 719
675 717
760 538
485 417
447 590
344 773
467 379
398 26
587 489
448 187
397 438
454 722
296 569
1 738
695 72
27 447
681 241
279 8
295 507
389 672
504 148
290 567
734 615
678 516
191 662
68 153
287 108
42 175
10 675
341 395
232 11
559 231
741 91
760 724
408 679
713 457
498 298
644 744
624 704
570 448
288 696
97 763
304 512
772 769
789 570
107 532

397
104 381
318 244
100 11
-1 294
144 75
85 285
312 295
344 320
64 219
204 310
278 32
139 382
30 56
53 47
31 396
145 154
324 353
76 220
243 335
231 164
50 36
382 93
330 299
370 55
20 60
123 209
333 291
103 132
259 104
338 284
32 166
329 270
264 374
71 230
197 96
280 376
284 395
268 212
55 39
341 314
96 211
25 102
227 224
70 332
263 313
10 268
335 144
98 110
73 160
229 8
122 317
244 245
18 130
245 140
368 365
46 80
8 179
393 385
115 191
384 153
189 142
99 231
205 69
161 302
274 158
84 259
319 288
353 105
3 100
352 137
367 274
345 152
148 18
22 150
90 373
306 232
58 198
186 131
228 159
363 226
147 16
150 26
314 40
392 380
240 204
253 301
160 124
271 277
111 7
28 94
114 316
256 208
75 156
138 19
181 53
331 296
375 240
289 377
82 235
380 5
81 66
166 86
15 67
153 30
388 1
33 95
121 355
190 279
172 292
137 375
128 46
130 148
207 155
11 175
208 33
364 393
183 369
165 309
120 82
276 229
317 22
168 127
140 331
62 167
307 50
385 327
133 180
302 271
93 202
182 325
164 364
372 360
286 76
269 334
113 136
320 249
89 151
198 87
225 197
169 337
267 186
7 34
154 218
174 117
159 74
2 361
210 286
23 262
80 3
155 196
117 341
216 289
24 68
157 98
116 256
389 49
97 391
394 293
304 4
285 54
234 276
378 71
337 234
47 328
336 181
223 283
381 388
247 205
379 101
194 343
37 59
212 379
248 79
305 252
315 273
221 12
362 255
281 192
67 359
118 149
213 227
270 383
131 45
262 109
176 43
242 162
112 122
298 77
170 107
359 389
215 123
334 195
173 146
49 20
152 253
230 368
201 394
74 242
35 247
266 113
217 147
371 157
358 344
287 203
12 339
108 108
101 84
237 17
347 14
321 169
136 64
187 37
313 193
299 347
6 165
119 312
69 25
279 103
252 326
66 65
107 62
132 323
60 384
193 362
180 126
282 319
297 41
323 199
126 111
343 366
232 141
79 237
316 243
357 321
188 392
86 170
26 213
328 238
233 367
369 260
238 176
391 303
61 336
17 2
235 120
68 357
78 52
158 89
350 91
209 318
175 265
356 0
142 168
92 263
211 345
163 281
5 125
261 119
300 246
326 322
127 6
199 61
310 225
19 223
56 254
390 251
273 139
109 28
251 300
40 338
246 178
41 239
355 200
102 35
214 121
36 216
322 58
222 134
361 248
167 90
95 370
16 57
226 31
387 210
42 135
162 306
342 171
135 182
129 172
332 114
13 48
340 297
327 118
196 143
29 78
257 371
260 340
250 372
91 161
325 92
376 42
191 38
4 201
348 264
277 190
360 221
351 386
206 63
39 311
366 346
202 356
34 187
72 275
27 307
178 15
349 128
346 257
377 129
77 174
21 258
0 173
185 106
146 233
52 206
9 250
110 261
374 217
395 188
51 278
275 85
219 115
151 280
383 97
365 194
94 333
292 185
57 29
195 215
290 282
45 236
339 342
184 324
38 27
239 330
309 351
283 349
294 387
171 51
254 73
200 390
293 99
386 304
177 10
288 241
179 70
291 350
124 315
106 183
236 266
220 72
396 44
87 354
143 83
14 228
59 23
54 348
192 363
218 145
134 177
311 352
373 222
65 214
1 112
105 287
354 207
295 358
296 133
265 267
149 298
48 308
272 24
88 378
224 305
43 329
63 13
203 163
125 184
308 138
141 81
249 9
241 21
83 88
44 290
258 272
156 269
255 189
301 116

551
301 102
213 464
350 487
62 163
441 66
384 463
153 518
230 208
153 398
199 519
458 374
463 16
153 318
434 387
43 207
382 22
55 479
400 393
498 197
118 356
164 135
147 353
150 10
343 532
247 4
69 489
413 242
293 296
296 488
489 258
352 423
318 26
143 104
55 213
384 145
17 126
62 64
291 399
178 116
550 24
375 224
170 529
3 343
183 176
293 443
357 276
532 302
257 234
382 433
147 452
126 231
483 266
45 29
505 319
239 370
407 99
81 405
8 264
5 437
280 59
69 524
43 496
-1 514
40 43
239 184
42 408
159 386
54 34
500 407
318 481
114 127
517 283
425 214
216 92
110 355
532 172
290 549
370 542
496 164
36 450
343 218
104 541
382 72
525 245
43 229
216 286
318 301
70 1
351 358
132 401
111 273
122 535
447 484
109 28
251 349
153 522
6 11
332 118
177 406
256 40
467 444
112 497
491 277
107 21
62 347
351 47
370 447
306 512
159 439
343 528
185 31
406 199
343 39
443 97
17 222
60 501
492 146
32 81
463 456
500 211
368 307
6 177
420 330
302 471
408 7
84 53
420 337
152 280
433 510
261 79
543 93
291 361
383 228
161 334
123 19
373 125
371 492
398 298
289 475
407 18
504 128
500 76
60 526
185 441
28 419
178 477
248 183
178 30
428 263
196 415
478 457
60 73
296 314
318 134
98 310
3 151
445 462
189 96
321 148
371 517
180 523
289 132
293 546
132 202
136 504
85 157
496 248
419 267
291 491
154 260
62 221
81 297
504 188
112 115
3 485
463 219
160 315
357 438
55 41
353 391
416 547
170 329
183 520
318 174
420 61
177 36
364 9
258 112
60 274
214 468
322 91
104 414
82 82
387 465
332 51
179 482
266 129
365 244
151 375
357 166
458 170
400 55
192 20
112 466
148 195
271 509
284 500
84 181
430 259
0 238
28 483
357 531
44 376
249 372
112 445
31 403
517 502
284 411
110 175
434 223
151 478
108 275
162 459
371 545
486 44
478 152
344 543
162 63
344 171
461 350
357 87
139 71
120 424
279 203
279 435
35 52
268 422
359 233
505 33
275 416
407 295
41 27
139 427
318 498
299 200
197 373
202 261
151 120
542 210
45 368
478 35
516 533
61 506
383 360
170 110
514 46
383 282
106 440
239 6
98 384
520 122
6 265
188 56
458 159
500 515
505 113
371 426
372 508
357 287
353 204
303 449
116 311
463 404
214 480
150 251
318 294
464 461
406 165
170 323
170 85
532 254
122 460
192 136
177 385
36 153
380 493
381 178
416 364
391 144
343 550
285 270
104 25
62 390
159 137
352 187
382 369
131 14
290 341
467 241
169 458
328 367
114 257
145 86
69 108
112 534
467 455
370 38
84 473
468 516
426 168
38 69
286 169
523 101
112 117
192 60
294 124
496 281
294 339
177 179
323 410
519 62
177 95
365 243
343 68
420 544
259 5
24 421
516 409
219 321
124 142
407 320
59 2
98 402
68 299
216 365
339 57
521 67
150 400
424 417
17 50
173 217
21 154
38 470
185 377
318 434
460 23
467 8
248 114
374 446
110 536
458 109
492 511
84 140
128 105
541 324
80 354
329 247
3 513
30 160
98 3
21 256
184 431
243 348
403 382
292 139
216 143
520 289
365 322
3 131
161 138
177 107
343 396
185 193
310 262
211 336
132 453
37 167
9 37
536 75
154 503
126 290
371 342
404 42
3 333
500 230
230 13
173 352
181 331
493 389
177 344
525 420
199 451
464 538
151 0
534 454
387 249
277 278
2 225
175 395
353 371
321 359
481 83
232 306
49 77
371 292
128 191
69 32
199 90
39 429
478 190
279 357
296 366
54 332
473 268
364 304
506 45
232 237
368 495
457 494
180 313
62 119
143 212
36 250
74 308
55 507
254 527
27 70
269 379
175 88
334 418
216 150
301 201
29 326
344 252
383 486
17 499
185 537
120 158
373 383
183 430
398 425
258 54
419 65
463 100
203 381
128 78
48 130
141 58
54 312
494 269
431 388
120 155
210 327
339 442
70 232
265 328
117 539
314 98
289 255
463 346
159 363
318 316
330 192
275 162
522 205
420 103
332 84
212 89
369 525
162 288
126 111
388 397
170 469
68 540
247 147
493 189
354 12
534 133
3 149
39 94
275 476
70 253
45 206
213 17
369 472
433 305
431 209
425 196
147 432
403 303
344 121
214 186
292 227
383 106
381 338
303 182
211 378
408 345
170 15
372 467
461 335
397 80
369 194
424 185
211 156
118 216
498 235
154 380
112 340
525 505
179 548
398 521
407 436
411 300
486 394
288 309
82 530
98 226
268 271
185 220
140 141
505 215
368 284
318 279
372 317
380 285
200 428
109 351
372 123
228 490
221 448
98 362
383 161
416 272
122 325
355 236
494 474
254 293
241 48
148 180
504 246
463 239
211 49
304 240
247 74
247 291
478 412
97 413
258 173
388 198
368 392

777
100 66
394 654
100 395
463 422
361 210
419 699
181 473
452 257
302 490
279 419
546 114
72 34
288 481
591 16
560 763
212 317
456 147
25 346
107 175
8 385
100 329
327 50
60 458
258 401
106 282
325 115
90 706
710 286
122 322
332 712
510 276
352 263
655 755
683 506
704 450
124 461
562 568
416 444
148 539
725 445
329 549
105 427
157 137
266 626
677 10
484 250
68 83
19 230
243 256
625 435
746 351
365 465
238 140
52 447
28 88
165 161
68 505
557 349
383 416
412 165
195 438
496 307
440 468
433 649
167 693
345 754
707 514
688 28
265 128
325 695
671 369
630 651
420 129
103 39
100 743
420 606
460 347
224 377
330 672
75 747
116 456
687 724
127 536
59 81
411 722
412 300
628 432
725 683
510 148
107 151
209 404
446 366
302 738
201 145
644 290
329 572
164 759
428 69
534 647
573 45
23 70
259 480
332 306
36 284
221 269
35 406
486 567
291 310
201 242
531 430
767 660
635 220
388 589
378 22
524 112
31 183
669 330
131 426
3 633
529 195
418 23
683 51
285 308
538 336
767 208
271 216
320 737
461 355
380 253
521 113
63 482
144 78
320 770
30 617
486 597
477 111
726 648
136 634
23 507
278 201
184 80
770 405
116 639
546 58
491 475
496 53
102 104
59 713
204 108
315 466
452 123
189 744
340 740
325 92
273 381
267 540
721 758
20 761
493 635
139 487
669 25
696 246
68 469
345 154
11 666
72 61
683 479
257 171
39 254
384 107
239 752
266 751
256 668
184 167
46 91
417 149
594 446
761 757
158 194
650 65
34 315
437 714
325 32
687 166
503 703
714 224
107 238
581 417
327 603
60 130
505 318
325 33
693 454
266 408
254 748
714 215
707 356
215 464
724 259
351 614
115 376
421 552
354 124
352 599
332 760
412 258
240 40
724 571
244 8
82 261
155 555
67 76
31 440
344 470
538 604
333 556
248 357
92 548
139 580
268 309
476 694
171 641
348 260
628 127
323 413
382 702
493 460
289 710
374 120
466 105
693 561
268 289
436 392
324 646
728 622
92 588
705 396
288 766
488 72
351 203
282 48
37 240
309 532
635 729
459 340
773 178
263 512
114 590
136 294
290 189
81 319
104 407
504 483
138 136
85 196
63 513
432 718
479 180
584 67
562 321
766 661
2 653
427 338
1 311
552 177
461 9
277 182
602 521
365 213
479 608
466 429
291 545
361 678
63 125
491 547
463 138
476 474
325 164
630 433
127 462
82 159
285 452
278 273
550 95
388 750
204 280
738 6
123 681
100 60
646 542
90 143
669 500
238 402
650 304
21 367
71 533
725 337
393 431
376 55
533 511
412 598
737 142
584 1
288 578
621 690
199 344
122 645
319 98
85 288
403 214
127 425
669 563
675 459
625 534
400 730
761 386
573 716
285 325
25 158
376 662
644 68
431 667
324 630
86 600
36 566
352 252
461 644
473 198
71 231
457 623
33 293
317 193
-1 685
127 222
753 636
477 403
16 434
564 292
412 24
153 576
69 251
347 610
278 271
205 723
266 720
332 570
255 205
345 528
388 705
221 64
480 701
31 612
332 527
568 516
120 295
407 624
703 673
362 41
120 484
120 767
434 150
107 43
266 595
522 211
491 629
400 298
675 335
328 84
666 265
466 243
659 345
616 26
533 332
364 358
205 602
87 320
197 640
21 655
119 86
309 582
171 188
107 721
702 498
32 267
759 248
136 415
543 379
674 765
640 221
300 605
291 56
302 773
692 551
496 455
737 625
292 316
635 627
89 544
726 620
82 63
31 362
65 390
271 650
471 562
397 375
407 339
594 12
128 601
476 410
145 99
16 305
704 144
584 30
676 3
505 225
364 618
693 122
644 584
522 492
325 581
127 437
82 439
345 659
273 42
740 467
420 504
650 557
602 277
463 517
658 206
746 57
638 354
153 643
157 15
71 734
258 741
586 414
254 348
112 85
616 497
577 774
713 687
150 109
759 359
775 173
72 674
332 272
772 472
573 102
71 443
79 496
345 493
336 73
743 735
191 287
540 616
638 753
209 518
71 121
135 558
74 719
31 776
640 652
724 44
63 526
318 631
486 352
406 13
183 179
510 241
164 117
302 162
20 535
352 199
309 5
434 491
100 764
162 312
99 745
96 255
695 94
409 485
103 334
127 169
115 157
659 769
135 577
73 704
714 204
551 36
414 90
290 587
189 186
277 21
684 449
754 494
160 525
238 49
12 343
217 393
44 394
599 110
82 658
446 364
249 17
108 333
5 299
134 715
618 565
265 93
391 27
766 739
440 607
118 560
162 451
757 234
747 441
622 387
278 301
345 197
153 370
209 519
258 191
557 709
113 190
126 717
521 749
36 731
183 168
584 185
603 448
765 609
199 331
661 663
351 399
675 656
426 328
182 669
317 239
447 671
640 363
83 4
344 537
767 775
706 135
434 621
713 495
114 428
180 742
488 262
35 200
394 235
258 453
579 698
611 170
622 297
189 488
725 550
735 2
161 541
443 707
155 371
640 682
454 573
552 732
769 275
437 313
296 160
656 697
359 700
555 593
39 574
345 74
352 62
351 236
238 531
626 268
546 477
677 360
485 279
277 615
477 689
177 708
114 378
640 218
38 302
175 384
572 181
309 365
628 486
249 696
178 174
473 296
463 657
182 665
11 543
325 291
669 383
309 503
493 579
684 229
122 47
11 679
690 118
437 133
263 676
144 37
541 212
118 478
6 163
110 184
332 586
258 245
252 508
86 35
125 476
562 637
669 522
761 126
71 677
264 594
119 436
278 233
433 457
294 592
72 176
199 46
598 153
197 156
466 54
419 692
738 632
644 538
236 274
663 52
304 172
534 326
51 324
72 29
659 264
352 303
717 471
503 520
650 116
679 227
319 756
772 361
77 391
374 119
544 266
562 711
335 353
426 79
59 106
753 424
198 100
461 71
519 134
251 554
419 323
731 0
332 670
345 746
687 380
469 374
557 502
385 726
588 772
532 207
488 768
646 762
96 77
749 7
541 736
5 14
652 564
325 341
31 228
776 139
266 97
204 217
632 103
717 19
105 546
309 771
104 619
766 152
640 423
468 18
142 327
268 31
177 583
332 684
546 388
2 559
749 226
345 411
305 400
254 613
643 553
361 20
413 585
441 675
139 59
630 418
249 499
361 725
199 372
402 691
308 509
275 314
302 247
710 146
333 409
640 382
326 575
529 591
2 389
591 628
704 131
332 569
485 155
320 642
509 611
351 510
277 596
420 501
422 342
12 249
380 530
300 141
319 368
744 680
461 237
378 373
191 101
197 187
766 523
665 515
680 727
136 209
637 398
577 350
45 96
153 728
68 232
393 219
288 733
447 89
409 202
122 442
25 278
365 87
440 463
441 270
36 192
246 11
359 421
728 524
31 688
185 223
574 529
168 244
164 686
486 38
466 132
284 489
640 82
330 281
11 75
425 397
65 285
640 664
352 412
283 420
35 283
622 638

151
85 19
139 25
62 101
89 38
88 18
91 113
115 65
123 29
146 31
143 8
30 16
63 20
144 133
147 10
55 115
143 121
22 149
55 139
9 27
60 110
64 97
120 59
144 34
76 56
150 47
9 2
89 58
55 22
148 66
73 6
104 50
12 82
144 26
137 134
123 37
90 4
97 83
67 73
123 28
76 77
101 39
140 43
130 138
89 91
136 85
84 11
3 93
97 33
123 62
144 147
56 79
139 74
75 1
131 24
100 40
98 141
148 105
5 132
32 9
146 140
6 69
51 112
143 64
144 102
70 124
90 81
31 128
145 94
22 145
143 17
12 86
65 118
52 95
123 46
31 89
22 72
100 146
38 14
66 36
72 135
148 126
55 41
74 137
141 107
4 104
12 5
8 119
148 114
38 51
74 90
-1 57
88 61
137 54
82 32
48 96
8 122
41 103
144 48
74 12
59 44
74 150
22 13
49 78
100 7
88 143
39 68
3 60
63 120
97 3
128 127
95 144
80 87
67 109
123 55
101 111
32 52
0 116
46 49
73 130
75 125
43 80
140 99
113 53
144 131
123 88
85 63
145 30
49 108
62 23
74 142
124 45
90 92
138 76
24 136
93 98
150 67
106 0
108 15
74 84
97 100
126 75
120 70
3 117
43 123
90 106
98 42
101 148
64 21
90 71
10 35
0 129

873
379 483
379 103
379 742
379 667
379 635
379 584
379 504
379 556
379 788
379 116
379 837
379 850
379 391
379 249
379 146
379 380
379 1
379 64
379 212
379 262
379 42
379 518
379 441
379 857
379 697
379 508
379 378
379 862
379 748
379 224
379 203
379 423
379 435
379 443
379 427
379 509
379 735
379 329
379 375
379 863
379 717
379 310
379 529
379 301
379 32
379 193
379 76
379 524
379 357
379 273
379 231
379 123
379 798
379 366
379 539
379 258
379 12
379 195
379 673
379 365
379 816
379 393
379 65
379 296
379 106
379 280
379 104
379 137
379 617
379 426
379 6
379 79
379 358
379 634
379 578
379 27
379 458
379 758
379 463
379 652
379 385
379 34
379 185
379 543
379 843
379 99
379 202
379 210
379 247
379 583
379 497
379 399
379 618
379 624
379 396
379 759
379 606
379 535
379 330
379 389
379 313
379 229
379 339
379 207
379 343
379 785
379 695
379 218
379 335
379 18
379 239
379 153
379 268
379 827
379 261
379 244
379 487
379 159
379 842
379 408
379 501
379 382
379 259
379 819
379 140
379 603
379 318
379 724
379 85
379 661
379 345
379 353
379 503
379 255
379 359
379 15
379 271
379 77
379 549
379 286
379 376
379 589
379 225
379 450
379 807
379 684
379 856
379 416
379 213
379 28
379 585
379 24
379 706
379 142
379 860
379 251
379 209
379 777
379 776
379 536
379 361
379 730
379 633
379 473
379 7
379 201
379 865
379 58
379 669
379 373
379 794
379 690
379 362
379 78
379 715
379 629
379 170
379 420
379 534
379 477
379 516
379 612
379 639
379 797
379 439
379 468
379 72
379 126
379 211
379 575
379 801
379 331
379 442
379 486
379 428
379 84
379 254
379 574
379 154
379 422
379 616
379 478
379 49
379 220
379 179
379 569
379 237
379 414
379 253
379 62
379 176
379 664
379 291
379 143
379 326
379 511
379 482
379 421
379 601
379 324
379 576
379 63
379 587
379 760
379 246
379 216
379 242
379 859
379 328
379 74
379 579
379 418
379 522
379 351
379 183
379 696
379 384
379 161
379 546
379 163
379 392
379 628
379 747
379 691
379 631
379 588
379 686
379 770
379 338
379 729
379 11
379 593
379 614
379 677
379 834
379 174
379 638
379 321
379 308
379 287
379 621
379 517
379 757
379 128
379 430
379 725
379 306
379 786
379 533
379 537
379 500
379 81
379 469
379 336
379 5
379 292
379 425
379 14
379 133
379 627
379 175
379 716
379 352
379 804
379 563
379 369
379 388
379 613
379 830
379 658
379 334
379 93
379 409
379 595
379 596
379 401
379 47
379 252
379 476
379 90
379 779
379 496
379 117
379 323
379 405
379 412
379 561
379 810
379 278
379 152
379 279
379 88
379 648
379 825
379 43
379 182
379 812
379 180
379 29
379 525
379 752
379 460
379 52
379 270
379 832
379 538
379 144
379 266
379 491
379 129
379 294
379 640
379 520
379 732
379 0
379 591
379 355
379 131
379 650
379 815
379 171
379 276
379 360
379 200
379 377
379 493
379 622
379 858
379 678
379 645
379 820
379 602
379 769
379 437
379 829
379 705
379 553
379 869
379 371
379 867
379 35
379 115
379 840
379 322
379 805
379 243
379 205
379 514
379 718
379 485
379 799
379 112
379 194
379 641
379 354
379 160
379 771
379 818
379 204
-1 773
379 9
379 156
379 17
379 467
379 75
379 44
379 733
379 826
379 448
379 181
379 312
379 114
379 298
379 703
379 141
379 73
379 710
379 721
379 704
379 577
379 173
379 781
379 217
379 568
379 147
379 507
379 230
379 474
379 101
379 542
379 240
379 806
379 415
379 429
379 410
379 462
379 598
379 454
379 309
379 50
379 646
379 68
379 368
379 379
379 455
379 753
379 540
379 555
379 97
379 110
379 644
379 772
379 554
379 38
379 446
379 155
379 290
379 749
379 340
379 778
379 431
379 132
379 694
379 636
379 445
379 386
379 452
379 302
379 387
379 610
379 459
379 227
379 4
379 325
379 689
379 124
379 138
379 169
379 592
379 594
379 570
379 480
379 297
379 86
379 845
379 847
379 33
379 833
379 750
379 844
379 649
379 659
379 685
379 564
379 102
379 560
379 21
379 285
379 740
379 192
379 790
379 701
379 235
379 870
379 761
379 713
379 440
379 492
379 283
379 544
379 191
379 665
379 681
379 809
379 10
379 236
379 250
379 853
379 609
379 774
379 541
379 756
379 397
379 597
379 54
379 275
379 263
379 197
379 702
379 712
379 177
379 56
379 562
379 864
379 586
379 581
379 208
379 722
379 565
379 453
379 119
379 490
379 264
379 754
379 374
379 151
379 698
379 118
379 434
379 92
379 272
379 390
379 26
379 872
379 289
379 811
379 484
379 766
379 130
379 113
379 347
379 149
379 620
379 95
379 736
379 337
379 625
379 40
379 303
379 481
379 165
379 136
379 532
379 739
379 600
379 846
379 808
379 471
379 558
379 383
379 57
379 823
379 762
379 139
379 653
379 530
379 723
379 413
379 726
379 528
379 111
379 223
379 121
379 22
379 566
379 687
379 573
379 611
379 800
379 281
379 651
379 293
379 700
379 61
379 499
379 663
379 571
379 350
379 122
379 400
379 316
379 632
379 728
379 557
379 734
379 464
379 519
379 495
379 668
379 755
379 394
379 552
379 605
379 66
379 100
379 19
379 150
379 657
379 604
379 672
379 404
379 744
379 547
379 402
379 693
379 861
379 599
379 623
379 274
379 851
379 515
379 83
379 654
379 356
379 789
379 512
379 94
379 187
379 526
379 30
379 214
379 98
379 59
379 506
379 311
379 828
379 333
379 489
379 745
379 295
379 172
379 545
379 105
379 676
379 317
379 531
379 707
379 37
379 647
379 803
379 836
379 189
379 457
379 670
379 775
379 248
379 688
379 164
379 683
379 407
379 145
379 39
379 125
379 417
379 341
379 447
379 521
379 479
379 188
379 849
379 23
379 502
379 348
379 370
379 642
379 41
379 567
379 221
379 795
379 822
379 675
379 871
379 70
379 580
379 854
379 656
379 406
379 838
379 367
379 608
379 444
379 714
379 96
379 184
379 764
379 630
379 456
379 791
379 449
379 198
379 787
379 741
379 305
379 178
379 674
379 680
379 299
379 817
379 158
379 424
379 148
379 679
379 267
379 269
379 260
379 814
379 277
379 727
379 238
379 465
379 839
379 80
379 300
379 711
379 793
379 304
379 461
379 763
379 411
379 234
379 731
379 848
379 866
379 89
379 737
379 662
379 327
379 780
379 824
379 767
379 813
379 743
379 288
379 466
379 284
379 8
379 53
379 510
379 31
379 363
379 841
379 196
379 232
379 108
379 120
379 852
379 109
379 256
379 607
379 71
379 332
379 451
379 206
379 222
379 372
379 48
379 69
379 619
379 626
379 708
379 527
379 582
379 51
379 783
379 709
379 55
379 166
379 226
379 615
379 319
379 548
379 3
379 550
379 590
379 167
379 344
379 470
379 157
379 436
379 438
379 831
379 720
379 315
379 107
379 637
379 692
379 505
379 488
379 20
379 282
379 228
379 2
379 190
379 46
379 433
379 199
379 472
379 135
379 746
379 792
379 346
379 666
379 796
379 13
379 162
379 364
379 513
379 835
379 25
379 36
379 349
379 643
379 342
379 265
379 186
379 784
379 403
379 91
379 219
379 802
379 765
379 307
379 257
379 395
379 498
379 671
379 314
379 87
379 782
379 551
379 768
379 523
379 45
379 868
379 419
379 855
379 655
379 572
379 682
379 67
379 699
379 719
379 398
379 168
379 821
379 320
379 16
379 494
379 233
379 127
379 245
379 241
379 381
379 134
379 432
379 559
379 60
379 738
379 215
379 82
379 751
379 660
379 475

516
80 120
467 194
422 437
187 182
93 491
469 475
442 361
223 207
158 287
182 452
56 352
230 123
457 6
38 209
129 508
502 127
433 42
317 294
165 463
268 16
436 398
287 307
399 501
235 497
293 269
470 462
278 146
201 395
203 157
479 41
335 470
386 66
215 264
164 118
468 425
359 438
348 444
366 320
212 334
224 10
395 106
8 230
445 504
358 179
111 328
50 246
206 172
146 159
136 50
485 96
219 418
6 208
491 351
345 149
132 111
464 285
100 11
214 345
28 506
511 344
363 186
99 142
261 458
26 55
434 196
61 445
514 376
281 440
133 365
310 45
425 372
471 135
128 95
213 479
257 44
192 22
254 247
54 455
455 165
236 99
196 323
370 484
205 150
447 366
412 206
338 468
443 77
115 82
295 298
262 32
11 153
49 293
259 122
300 47
20 397
466 116
285 175
353 489
247 219
13 19
149 115
288 362
15 215
459 319
98 394
292 212
424 94
101 330
419 464
499 126
211 481
86 260
495 284
515 301
408 119
193 250
506 510
142 291
7 249
166 204
328 60
512 341
484 483
30 300
74 51
505 408
110 59
367 412
94 105
356 439
46 371
181 80
394 392
372 248
497 456
280 304
291 429
472 387
14 513
47 171
12 261
4 446
411 102
397 331
256 466
403 380
508 409
489 324
347 210
207 414
45 482
238 35
414 363
35 24
83 333
161 321
360 509
481 235
103 318
92 421
446 144
388 431
420 512
31 133
59 28
67 193
22 288
474 433
21 23
228 454
357 402
308 162
431 2
70 262
71 177
296 266
392 232
498 201
427 200
426 322
449 58
189 166
157 238
500 258
298 237
334 259
428 393
155 110
384 357
249 17
456 9
126 340
477 168
245 411
398 18
453 384
475 163
440 240
396 30
376 325
494 107
174 315
138 309
503 34
90 391
172 84
37 56
17 100
509 81
104 239
297 20
58 276
191 358
289 389
255 242
48 124
122 79
487 332
140 267
79 155
222 197
368 36
102 4
264 435
315 268
117 160
364 48
87 67
336 137
43 114
81 134
322 176
513 447
160 274
400 296
125 91
220 231
383 52
462 312
418 57
177 125
96 141
52 396
168 93
141 399
385 216
283 89
29 40
401 54
492 202
55 273
441 381
113 87
2 90
40 63
1 427
16 214
202 265
221 25
163 121
303 422
501 222
430 277
252 156
316 368
120 383
89 130
321 500
251 29
429 229
478 313
407 406
244 401
332 173
465 228
131 26
410 97
382 461
121 39
350 138
352 379
405 283
311 515
229 195
169 420
354 245
302 112
451 108
135 98
375 478
242 487
307 46
493 467
195 342
5 220
53 367
144 404
381 480
175 263
226 355
162 74
186 86
361 346
123 407
150 388
510 374
369 190
41 85
266 92
435 104
95 281
507 236
331 316
130 152
371 378
34 211
68 386
378 350
36 128
473 474
137 170
188 180
180 511
91 275
185 257
263 129
346 338
194 385
178 218
127 270
444 360
460 485
62 364
107 113
342 286
273 154
324 282
33 493
438 347
190 349
337 498
231 280
66 0
234 76
341 103
313 442
209 471
327 473
496 428
312 279
246 326
0 192
32 251
241 335
389 443
240 403
314 68
114 217
208 78
258 169
-1 31
415 434
73 226
365 64
330 496
3 354
105 426
64 436
374 181
290 343
432 272
351 472
504 453
173 271
154 213
225 38
282 457
294 234
84 477
448 400
108 3
88 37
272 410
279 13
483 337
299 61
243 131
480 62
355 308
416 151
167 253
153 450
417 88
76 419
301 7
329 465
199 14
490 53
377 299
267 488
488 297
134 405
326 413
51 252
452 502
260 12
204 72
409 205
184 292
482 178
458 303
276 317
270 185
274 448
170 5
233 289
391 459
237 33
65 295
333 348
305 278
116 353
275 101
118 147
437 8
271 199
97 390
325 290
250 187
145 336
210 145
25 69
284 476
24 117
402 244
197 49
159 109
320 254
461 430
309 1
27 188
179 417
450 311
463 255
349 256
339 70
265 227
248 499
239 65
112 424
216 327
109 314
277 83
171 305
380 164
304 189
404 167
69 302
390 148
156 369
232 370
10 356
423 198
217 221
78 441
60 505
77 139
318 73
344 494
373 492
323 183
39 27
119 375
413 507
319 43
227 432
198 339
379 71
218 415
147 490
486 203
340 184
286 158
139 451
18 460
42 382
343 241
406 143
9 75
269 310
362 15
476 161
439 449
63 495
152 233
57 306
183 136
106 416
200 225
151 132
44 224
306 243
454 329
387 469
75 359
72 373
148 486
253 21
124 377
82 191
393 514
421 503
85 423
176 223
23 140
143 174

423
163 303
250 301
229 305
42 149
166 410
245 77
54 49
112 192
64 381
150 349
322 355
278 411
362 348
54 180
228 238
361 359
374 199
176 132
186 253
118 255
293 286
39 370
194 173
127 7
105 167
297 350
218 208
255 127
371 148
204 226
346 406
370 236
168 166
141 418
256 1
304 394
238 214
140 35
335 179
121 336
158 106
248 45
310 176
369 41
317 270
215 57
252 90
291 74
250 53
297 415
60 233
91 247
369 319
248 317
9 412
121 26
162 375
420 365
404 311
229 251
193 182
101 389
358 46
38 164
244 227
322 65
163 222
110 197
82 299
131 143
330 209
310 292
358 59
14 100
41 193
248 62
405 194
177 124
64 37
78 338
284 388
147 403
404 128
250 217
285 174
354 58
150 185
221 133
53 261
395 101
176 288
146 289
397 366
165 347
322 55
245 12
55 280
104 201
165 281
48 211
99 304
146 302
229 138
272 112
160 229
420 126
172 369
334 68
375 382
237 297
78 314
264 300
164 260
192 18
301 245
194 163
196 188
85 284
123 134
101 258
349 346
165 324
136 150
250 290
213 266
308 28
164 151
123 357
322 47
353 66
196 212
148 139
104 330
41 402
385 87
361 34
244 61
202 373
124 329
25 294
358 96
160 187
150 263
133 274
283 207
39 295
278 56
214 413
404 157
352 29
248 165
166 122
331 171
23 223
395 81
281 224
350 242
350 52
180 398
222 140
78 92
279 416
244 178
78 153
64 144
164 22
237 246
199 113
62 332
392 95
157 40
9 19
247 181
49 17
374 9
172 250
228 60
279 361
354 131
316 234
140 354
104 168
117 147
307 405
305 396
219 78
250 155
335 110
346 320
301 69
1 105
244 326
250 395
397 360
78 307
200 296
238 344
237 321
11 98
34 0
354 170
322 353
248 420
390 16
415 50
110 383
48 240
246 328
303 79
177 115
281 25
177 377
282 283
9 114
48 118
82 343
376 287
248 102
318 219
301 97
53 364
186 117
322 10
294 42
148 83
278 82
273 14
404 306
123 85
165 27
267 99
22 156
299 120
32 109
215 23
78 376
196 13
411 24
193 175
166 202
50 4
288 358
9 316
187 104
250 408
417 154
392 137
177 379
383 363
348 159
82 271
163 93
168 5
383 84
26 75
176 421
53 333
213 399
172 409
44 210
123 279
53 158
260 177
405 385
166 378
58 228
151 244
359 36
316 397
417 38
32 372
396 146
410 309
110 275
415 368
36 390
70 256
206 218
397 86
397 243
186 380
383 293
128 230
163 267
47 367
262 76
377 48
249 308
48 186
242 345
23 169
362 334
103 141
72 248
164 371
196 220
256 342
64 183
8 264
137 198
267 254
227 257
155 125
368 237
155 417
396 88
401 268
202 184
82 94
51 32
205 129
404 145
329 8
129 21
5 44
279 241
74 33
395 196
118 337
191 161
284 216
266 232
72 277
86 386
246 231
1 31
411 387
247 325
419 422
126 400
288 414
85 269
151 407
234 123
301 71
163 272
233 327
117 215
215 282
153 162
280 384
193 116
281 404
25 6
249 285
232 213
48 64
104 121
261 189
395 136
326 119
406 341
191 195
379 160
358 315
151 152
401 340
397 51
248 89
353 391
1 72
228 225
288 235
77 393
200 191
99 39
247 339
248 221
50 73
150 298
296 252
278 3
382 108
282 331
194 103
18 15
380 54
117 43
95 204
383 63
23 20
72 401
93 206
-1 11
348 419
79 322
308 374
401 30
62 312
111 278
113 239
404 70
381 190
215 351
201 276
65 335
180 265
248 362
207 107
283 356
47 205
79 259
395 203
343 80
383 130
238 135
286 291
11 352
248 91
227 249
297 2
48 323
294 313
144 142
330 273
58 310
12 111
14 262
58 172
307 67
107 392
326 200
229 318

992
285 923
149 159
454 678
673 593
311 41
594 529
955 745
747 76
14 600
954 361
769 537
626 515
422 778
956 551
642 426
603 334
802 370
637 528
358 197
951 764
72 849
70 675
544 391
50 344
175 977
658 66
113 9
161 128
367 436
633 835
168 150
799 612
922 502
309 628
121 900
556 70
891 83
874 795
945 453
412 478
740 604
724 431
736 862
114 419
588 113
365 572
839 331
351 477
621 822
668 746
370 885
325 980
428 107
855 560
152 514
383 193
122 750
353 879
909 991
392 881
441 712
905 584
460 369
964 744
860 36
609 359
649 936
260 782
680 907
290 435
986 654
119 316
324 974
667 578
20 87
490 839
488 722
308 179
173 237
350 48
880 282
763 161
479 808
991 803
147 871
698 88
449 498
737 942
462 844
19 336
581 950
347 91
206 169
865 286
894 8
632 330
757 313
78 763
188 573
436 946
496 276
487 185
981 273
417 97
732 711
868 812
664 949
341 607
125 851
355 323
611 919
674 327
902 825
804 85
789 260
241 99
209 603
629 333
923 141
183 371
199 506
437 756
567 33
549 866
110 363
263 624
484 482
404 617
243 350
542 63
730 805
91 982
721 328
661 704
48 887
952 206
739 973
255 641
58 953
27 541
424 433
644 445
635 975
43 615
841 964
578 689
493 874
962 786
918 235
774 186
838 57
711 422
343 637
251 487
861 507
584 921
518 79
385 861
595 736
571 338
510 781
4 38
501 976
407 270
81 291
615 783
686 92
800 597
696 790
105 557
939 774
530 532
150 696
641 670
284 717
272 972
850 737
720 421
762 945
354 311
560 473
574 27
828 345
53 801
771 168
171 601
650 955
464 684
88 215
198 565
382 3
228 84
485 256
710 508
934 420
901 580
577 894
677 356
40 439
439 404
885 858
64 574
785 148
291 132
688 117
957 762
975 209
320 389
561 239
835 714
-1 399
172 116
377 105
989 543
525 937
126 592
892 294
7 793
207 394
683 280
233 554
416 130
619 891
141 103
250 798
2 594
180 204
445 771
419 590
409 329
151 831
916 300
116 467
99 533
519 752
77 635
672 826
12 848
34 925
133 37
216 700
483 802
146 381
563 897
458 926
378 101
520 799
23 275
754 820
675 398
17 377
231 401
211 417
862 339
927 899
134 460
363 599
598 173
965 293
741 71
669 219
659 751
303 873
142 856
312 224
529 357
196 191
781 724
339 196
625 354
115 830
718 2
197 912
864 791
725 832
700 171
352 536
849 734
502 459
930 25
384 561
153 180
970 943
401 500
883 222
801 125
155 264
371 639
349 13
967 545
52 589
522 878
327 440
219 144
524 229
643 708
443 348
468 659
140 45
729 218
61 606
22 741
503 109
159 68
297 552
758 806
108 146
24 730
45 321
921 307
693 451
889 581
645 527
617 954
735 705
935 951
346 627
294 984
656 355
57 653
387 731
699 662
566 5
941 341
319 352
202 788
281 971
97 644
983 299
840 775
29 189
56 465
472 622
307 956
87 383
961 385
538 243
682 562
6 228
825 213
132 405
717 272
406 807
304 779
713 988
944 376
344 380
783 555
958 414
715 525
760 755
910 134
508 110
193 630
948 609
26 693
639 216
553 322
444 483
953 884
540 366
179 754
103 312
264 517
55 443
59 305
476 80
663 681
545 556
96 960
8 613
884 342
145 114
495 682
278 497
486 792
897 480
845 434
579 95
912 544
268 838
548 809
331 289
452 217
624 249
792 898
907 930
900 347
634 86
420 794
107 472
177 255
176 780
702 767
226 889
978 147
509 519
565 292
928 111
803 610
985 723
870 534
755 89
731 488
743 362
823 470
963 358
585 695
562 98
723 864
521 749
44 309
239 152
213 100
768 241
988 813
821 990
261 947
253 829
704 233
539 104
938 406
71 503
974 393
653 576
722 121
575 875
917 499
622 876
500 872
714 747
489 49
587 448
564 650
373 74
655 177
393 558
217 135
300 220
390 816
822 815
987 739
201 457
166 501
195 868
557 758
478 127
79 337
332 688
10 567
583 538
507 824
461 429
660 521
857 710
666 814
338 626
972 360
831 259
543 441
858 176
15 129
111 29
315 257
337 246
776 642
313 952
631 777
920 108
494 914
770 126
102 811
262 207
879 667
570 905
448 379
274 547
127 938
738 989
232 652
506 492
38 663
158 761
49 564
334 39
235 317
69 374
932 227
837 54
459 349
237 892
295 382
240 765
608 199
943 11
389 269
546 425
117 664
640 200
678 78
806 158
321 332
599 221
913 535
726 351
86 122
403 416
475 732
25 444
400 665
623 924
679 524
369 646
471 658
222 490
92 115
37 531
109 520
946 248
143 119
104 645
431 400
534 915
154 90
515 195
252 18
83 6
187 902
791 970
888 911
220 986
451 485
66 509
559 657
914 598
899 428
3 570
80 277
499 415
244 138
210 713
466 640
139 638
558 430
606 258
51 629
707 553
767 674
691 367
819 631
851 909
614 4
265 284
429 680
925 94
926 187
16 966
11 845
931 690
881 242
270 549
477 43
616 505
555 800
780 210
551 471
223 691
759 636
844 753
224 847
214 575
433 651
793 139
106 40
186 632
708 263
388 32
582 447
554 170
73 720
440 402
481 582
84 438
636 846
181 766
906 733
276 183
372 886
381 743
911 466
62 608
329 271
830 384
366 787
813 77
854 836
786 22
886 0
136 112
157 618
98 266
273 985
516 274
630 172
504 190
242 727
450 666
867 296
118 768
887 232
408 677
386 694
589 165
120 686
523 614
966 841
282 140
652 965
85 142
18 772
269 817
627 703
778 211
421 223
257 28
607 672
326 201
314 59
298 587
712 602
990 981
517 701
662 729
148 931
949 583
749 397
847 740
75 250
473 261
576 620
898 860
979 916
21 10
192 396
430 932
809 969
112 906
266 166
275 96
267 633
531 605
936 493
31 716
795 918
230 268
446 715
194 725
335 828
727 718
591 408
457 162
46 877
968 853
689 124
638 17
165 893
318 175
287 785
398 303
162 933
959 314
221 516
871 156
750 181
259 821
391 484
442 234
705 442
438 983
330 353
836 685
124 42
790 854
160 26
254 387
687 890
787 810
610 245
203 290
706 427
537 611
612 707
5 513
101 202
128 75
190 929
394 616
356 395
869 671
580 174
753 837
280 167
748 706
816 591
817 588
859 903
302 957
374 315
89 542
293 935
605 833
32 917
317 133
734 910
296 51
692 149
271 386
447 375
794 468
908 452
362 93
178 596
872 304
13 883
167 494
328 102
100 411
846 297
474 539
977 364
456 721
514 568
423 118
703 920
971 479
788 12
465 44
848 56
875 944
651 595
277 310
746 14
895 184
513 571
426 58
283 373
919 151
969 388
67 865
657 939
681 655
345 392
425 409
399 192
775 456
163 31
279 796
761 418
90 840
289 252
697 474
756 963
208 648
396 496
411 968
169 247
35 16
526 298
60 863
249 819
618 325
453 378
982 413
360 962
684 563
258 550
797 940
131 569
824 153
455 226
528 178
751 850
410 335
665 15
39 318
292 566
357 656
796 288
811 859
805 481
123 789
505 24
323 882
316 827
569 20
814 225
174 769
82 857
379 60
238 320
728 194
200 486
924 621
156 131
74 673
536 495
733 432
980 698
628 948
701 683
601 23
164 278
573 668
716 896
359 625
694 687
533 676
527 530
435 302
832 343
572 464
189 145
414 522
808 546
225 647
742 410
204 72
873 154
593 475
434 852
826 784
256 511
709 773
184 462
333 155
784 34
904 230
42 120
395 908
878 123
604 306
648 941
36 301
375 726
685 748
590 326
829 979
76 454
744 643
973 287
144 65
915 922
322 267
547 212
600 469
532 403
890 491
752 244
135 959
170 804
30 579
646 619
815 324
380 585
690 346
0 368
950 30
9 834
592 540
467 449
94 586
541 283
33 461
413 157
833 735
218 967
418 450
215 53
807 504
976 238
853 523
138 308
779 73
596 319
856 240
299 661
361 669
397 904
47 236
773 660
511 978
568 855
863 372
535 279
65 455
777 518
812 35
482 47
340 231
376 437
620 692
937 160
402 961
491 182
306 927
286 797
130 901
764 7
470 987
480 82
765 463
469 251
229 262
842 928
348 719
205 702
772 728
613 759
647 870
745 842
893 407
896 285
368 253
843 423
227 281
247 81
191 50
597 46
248 208
427 934
93 843
129 577
234 136
415 62
903 559
671 295
512 265
876 869
432 67
877 770
670 365
463 548
719 1
552 823
550 634
929 888
212 214
342 958
933 757
310 738
28 52
246 476
866 709
654 623
602 699
834 760
405 55
942 526
695 205
818 679
940 895
676 489
960 512
305 203
137 880
41 867
301 143
782 106
820 776
288 198
798 742
827 697
95 21
852 412
63 137
336 340
766 390
984 818
497 510
185 61
586 649
236 164
245 188
364 424
182 64
810 446
947 163
1 458
492 913
882 254
54 19
68 69

75
13 27
65 48
46 29
7 38
13 22
48 15
14 11
69 0
55 69
22 74
0 67
32 33
74 35
32 46
69 41
0 55
52 32
11 60
52 68
42 61
8 13
42 37
26 73
35 2
62 19
69 3
-1 17
44 30
68 53
74 6
71 59
26 56
68 66
7 16
48 20
50 7
69 40
50 50
11 21
46 52
18 12
26 58
50 4
61 23
60 18
6 44
28 9
11 43
63 47
35 31
53 64
15 51
65 65
13 26
9 10
42 5
74 36
32 71
9 25
13 49
53 24
47 70
60 72
26 42
38 63
4 28
2 39
4 1
63 54
50 57
0 62
5 45
10 34
66 14
47 8

128
44 15
111 16
54 10
83 120
2 89
77 41
78 114
2 50
4 112
15 52
7 62
45 1
76 98
75 37
4 108
61 11
39 115
81 110
45 13
52 71
15 32
100 43
55 90
39 19
39 76
100 91
124 44
111 12
0 55
75 14
72 58
74 118
21 57
113 64
111 27
11 3
107 117
127 78
15 23
101 18
90 106
21 93
10 127
11 36
11 8
-1 0
29 116
77 35
44 24
38 53
71 92
2 33
45 7
32 79
35 6
18 20
82 54
39 70
100 81
56 67
59 111
75 9
52 26
32 88
15 113
75 84
123 119
73 107
71 77
11 63
11 68
20 74
11 17
2 72
77 102
35 4
51 61
15 30
62 28
45 123
12 105
62 48
27 29
121 82
0 86
91 126
101 69
102 60
61 25
106 85
99 96
72 22
76 65
68 95
44 45
39 38
13 42
52 97
108 121
7 80
91 39
11 2
51 34
99 83
30 103
52 122
47 73
29 104
20 87
48 94
21 99
45 5
31 125
122 49
70 75
35 40
5 101
52 51
49 66
107 109
38 47
78 46
39 31
49 100
23 21
35 124
38 56
121 59

619
540 563
198 289
505 364
26 121
266 22
7 267
82 596
591 190
33 232
230 201
261 314
343 574
259 398
502 72
23 152
364 104
351 296
304 36
28 559
442 606
493 370
366 1
513 458
78 180
78 368
588 572
74 221
96 520
333 509
420 455
335 11
418 186
145 352
335 212
496 86
325 363
525 523
187 492
89 50
96 251
510 46
184 290
67 185
139 400
465 381
189 479
50 56
617 168
78 10
109 291
290 413
488 602
521 560
365 137
290 456
427 483
66 489
165 141
67 449
41 460
392 84
517 583
290 54
446 591
222 226
591 613
22 200
65 229
522 297
206 497
564 169
286 341
168 129
604 32
589 420
210 48
210 239
68 557
372 243
444 421
390 21
491 567
540 299
262 322
516 367
217 376
244 505
11 459
601 204
361 277
605 225
276 342
136 373
141 294
509 279
618 29
611 617
51 140
412 334
241 286
335 18
125 198
386 184
311 377
405 16
417 562
445 228
230 300
438 556
446 252
322 117
367 539
455 220
309 542
564 75
287 202
31 383
507 125
420 336
560 6
166 402
530 224
452 517
186 544
426 500
591 414
307 590
574 359
89 231
492 609
30 80
122 241
11 97
617 138
531 205
175 328
89 187
541 491
160 546
515 248
530 67
525 318
497 309
122 378
132 33
412 158
150 153
512 472
510 555
83 89
193 518
271 490
611 485
589 371
361 30
406 14
473 319
279 388
402 96
451 62
521 513
11 498
481 254
292 136
466 276
361 553
121 533
484 474
591 611
290 95
530 68
273 594
497 223
160 349
62 439
125 473
349 162
117 524
384 262
228 380
412 332
617 144
79 344
217 358
402 618
176 69
217 450
358 178
517 397
335 362
527 446
287 586
30 501
488 339
22 57
517 110
442 157
91 88
445 603
367 410
85 52
482 382
294 547
599 576
526 508
493 133
160 301
350 217
556 179
446 335
444 478
254 268
125 593
362 527
272 531
94 600
58 511
335 396
83 343
254 448
48 442
7 247
273 463
506 60
166 589
559 321
23 160
96 558
598 418
525 476
617 15
169 115
183 122
75 164
425 209
376 91
280 272
361 436
233 554
532 213
88 20
217 573
393 255
423 326
514 135
251 292
490 172
410 119
141 34
24 486
446 409
396 163
86 42
463 577
491 481
220 566
437 569
161 58
445 283
535 111
234 151
564 592
573 480
447 429
361 467
146 70
150 93
508 536
412 389
422 189
11 242
375 477
424 259
507 236
493 475
106 348
617 108
294 206
37 430
217 191
513 199
32 263
280 303
611 196
342 423
390 393
161 249
189 331
208 445
390 469
521 417
501 103
295 237
561 295
22 457
434 116
259 280
381 346
360 488
396 304
516 385
76 222
186 270
305 101
183 444
601 218
487 337
563 74
75 112
293 308
74 274
7 550
279 360
420 148
62 316
513 530
560 107
527 49
612 167
415 71
540 143
209 433
431 540
252 441
562 351
491 361
132 580
210 219
465 427
324 419
101 407
420 425
597 333
184 330
258 99
361 27
491 350
55 528
92 317
496 311
568 150
242 37
591 8
290 464
571 482
604 323
74 230
138 41
267 379
463 538
507 452
33 405
136 159
87 5
382 395
62 31
367 462
497 66
27 73
147 155
544 601
591 305
525 302
263 2
193 19
220 354
325 233
55 264
74 369
402 506
140 615
290 98
393 438
540 507
76 123
117 63
272 514
523 503
50 188
456 257
122 271
175 227
145 78
583 327
598 401
427 391
175 269
176 504
23 408
366 216
27 210
422 454
106 399
521 447
560 519
458 139
213 173
78 496
287 532
490 471
138 120
504 325
591 0
-1 214
442 114
408 561
488 595
612 416
427 131
331 588
160 521
169 502
559 487
353 549
611 529
161 40
280 510
505 404
294 534
531 102
580 245
414 597
193 203
578 406
189 614
109 552
446 156
33 211
544 90
521 130
79 215
442 171
587 181
140 12
33 494
412 39
99 345
77 551
261 338
124 79
420 375
451 422
121 176
459 124
280 353
361 412
582 87
124 374
540 512
445 320
152 55
321 183
525 83
144 253
344 545
276 94
510 28
78 288
314 579
604 106
470 461
592 192
453 53
591 207
591 384
442 244
429 616
152 127
540 437
273 340
574 392
353 193
340 516
582 26
395 390
228 45
224 386
104 571
13 548
509 535
559 170
596 293
101 515
186 543
588 197
24 403
140 468
166 177
513 355
23 85
457 81
62 324
390 605
561 13
117 525
573 587
175 599
349 59
508 285
330 128
517 165
264 607
429 357
69 394
555 453
23 146
133 149
125 565
63 610
428 126
325 174
276 426
442 147
591 43
362 260
78 238
50 109
591 195
426 428
89 208
408 387
591 608
206 612
451 145
295 105
193 7
452 194
429 424
497 61
535 307
403 584
259 443
255 256
285 266
381 100
442 495
223 465
250 411
290 582
161 312
125 451
233 522
115 329
350 17
372 431
186 44
362 65
271 278
209 315
334 604
15 537
470 3
334 77
466 154
374 598
27 440
487 142
429 134
283 82
62 284
55 435
364 578
290 298
85 526
402 51
507 258
363 38
17 166
160 493
79 570
343 415
547 273
450 466
291 76
529 282
226 310
162 366
96 585
559 434
478 246
38 265
224 175
521 347
1 541
328 484
197 9
564 132
200 306
298 470
325 313
152 161
403 356
591 432
444 25
287 365
343 47
612 35
575 234
487 581
564 235
323 281
209 113
540 568
480 287
424 564
408 250
98 275
380 24
7 182
96 4
585 240
117 372
507 499
376 261
31 64
488 23
291 118
289 92
13 575

572
72 539
365 47
389 518
88 315
55 328
521 379
370 156
184 468
550 506
102 2
243 9
94 274
430 538
77 402
369 95
545 31
546 509
286 96
412 542
324 260
115 426
183 103
325 366
278 165
376 117
295 480
544 182
120 445
387 216
425 187
511 10
145 547
133 73
298 153
291 393
474 416
519 296
18 272
396 259
140 218
374 147
3 464
38 171
203 452
486 207
265 139
470 309
10 392
388 333
61 254
17 166
473 100
505 546
275 162
123 106
260 61
247 563
30 120
96 217
503 170
143 485
431 261
434 130
4 188
438 88
328 145
314 545
60 69
267 287
460 362
557 564
340 450
569 185
517 325
414 199
27 239
90 270
134 298
199 160
99 250
277 295
367 322
317 419
346 278
226 491
138 449
189 17
233 382
239 176
232 430
305 439
427 256
311 253
464 381
333 169
282 243
341 566
567 372
350 135
397 224
508 7
180 244
504 158
197 400
190 541
336 503
547 346
410 446
496 197
43 140
463 553
132 300
471 355
300 338
49 40
476 543
456 167
256 178
-1 248
141 444
513 157
0 425
326 316
395 1
334 146
566 27
552 326
390 22
418 474
482 115
48 404
212 20
252 356
534 149
323 484
229 252
514 394
501 413
423 18
329 16
195 94
216 142
230 386
532 119
152 65
165 215
171 3
349 222
316 184
100 433
281 64
354 342
137 4
205 90
506 235
497 56
32 75
187 380
57 237
266 429
433 234
91 177
530 97
419 403
174 517
26 395
480 500
525 51
198 341
399 512
192 374
383 190
481 321
58 460
101 62
92 273
228 101
522 286
107 132
9 173
64 6
255 417
45 467
533 472
490 332
312 76
322 168
432 409
491 567
22 423
549 14
318 531
542 357
105 519
13 251
441 55
385 530
70 134
320 399
200 93
407 196
221 68
6 150
135 451
223 276
186 236
162 486
8 370
444 310
144 343
112 363
284 456
83 36
348 313
398 367
181 462
351 268
289 471
95 193
450 12
366 74
79 163
400 210
361 112
499 200
40 189
415 49
420 524
47 492
315 390
359 498
360 454
53 29
103 71
404 477
345 329
368 113
69 214
201 43
153 490
319 174
515 107
172 311
306 195
2 323
151 527
406 350
416 213
111 225
11 487
12 266
76 289
246 78
154 175
182 482
467 229
110 205
214 152
194 319
89 125
280 80
173 387
466 548
33 85
117 347
570 408
413 442
196 469
87 45
86 138
177 410
437 525
75 53
417 353
146 19
56 473
24 66
175 81
217 427
435 42
554 79
362 401
21 70
156 283
178 275
269 109
263 327
261 349
308 293
555 443
294 206
372 131
125 67
510 544
303 494
279 126
124 15
461 569
59 305
185 8
106 526
31 105
210 77
392 91
19 59
321 35
121 41
429 337
273 453
7 354
16 124
540 5
209 351
377 202
357 552
219 377
42 560
283 533
179 297
50 436
242 198
327 513
36 504
37 154
375 405
568 320
347 231
170 304
447 84
559 23
457 561
66 373
293 194
74 314
564 102
126 92
358 385
378 424
80 148
20 489
548 26
539 246
211 21
391 555
313 227
402 495
237 510
478 438
5 335
507 263
71 559
52 520
191 89
330 271
426 179
264 52
405 39
526 245
477 422
287 463
452 24
380 186
353 233
240 537
448 114
468 284
169 508
364 528
408 339
502 128
288 516
285 83
558 407
290 411
454 523
384 364
297 33
449 378
484 258
39 54
355 345
498 412
495 398
150 211
222 116
571 475
155 32
129 551
528 465
479 110
142 181
537 447
244 388
371 143
523 136
516 455
465 144
363 129
524 241
204 318
241 389
462 123
93 375
509 334
238 141
163 376
251 466
475 63
220 226
245 511
206 348
114 50
257 536
373 481
453 459
459 365
213 180
73 292
332 183
131 72
188 428
258 476
296 223
520 556
356 317
338 360
176 371
469 554
35 118
108 369
207 483
98 38
443 267
28 540
113 358
167 514
274 58
562 532
268 282
492 414
276 230
304 291
46 330
109 301
236 458
553 308
234 201
439 488
292 86
302 288
25 104
565 534
158 212
119 431
157 396
104 98
401 521
65 550
560 161
394 279
563 549
159 461
424 242
128 204
202 240
458 108
147 28
63 496
272 133
379 280
352 502
337 264
339 391
127 384
249 60
422 11
41 368
344 82
455 571
262 568
23 344
34 127
543 221
253 565
343 437
82 57
472 137
440 397
538 238
428 269
85 262
403 155
493 312
489 562
535 265
208 46
409 192
551 208
122 415
67 499
307 255
235 478
215 324
451 522
488 48
561 434
231 493
485 87
494 281
161 479
164 25
68 257
225 303
148 151
411 557
446 440
168 121
436 232
62 294
227 34
442 249
386 37
248 497
342 44
51 441
421 220
531 505
309 435
512 203
331 228
44 359
218 209
381 277
54 432
84 361
335 219
81 501
15 507
116 0
97 302
310 570
250 470
139 340
1 285
556 30
254 290
382 122
536 448
78 383
271 421
301 457
160 558
130 99
500 418
118 306
224 247
270 307
14 420
259 299
487 515
527 164
29 159
483 352
166 13
299 336
136 331
445 111
393 535
529 191
149 172
541 406
193 529

125
100 19
46 81
57 100
44 55
54 16
72 101
75 121
106 104
47 65
93 99
38 80
115 72
70 95
63 116
39 40
72 50
51 34
5 82
102 28
51 46
76 0
106 18
33 69
49 41
105 35
92 67
77 51
6 32
72 53
4 63
15 49
13 106
94 120
52 47
15 12
36 60
86 45
64 39
2 24
71 7
103 122
57 117
49 21
10 115
63 13
62 118
114 42
5 36
63 59
124 56
98 27
91 91
93 62
74 10
97 52
13 86
47 37
64 96
12 30
115 114
97 5
5 79
115 94
106 23
-1 87
96 107
102 73
96 3
34 102
115 90
52 113
74 112
74 105
59 31
64 4
123 64
107 25
15 70
113 15
38 85
74 83
15 77
48 89
61 76
36 11
53 20
60 74
53 78
83 109
86 108
44 58
74 98
75 103
74 22
17 111
27 44
99 110
57 71
72 38
72 123
124 66
65 54
94 88
72 14
86 119
116 17
57 9
115 124
37 68
8 26
60 57
115 2
14 29
68 1
116 6
15 84
93 93
85 75
57 97
44 33
55 43
105 61
86 48
49 8
74 92

381
130 174
130 380
130 338
130 56
130 293
130 167
130 34
130 4
130 71
130 280
130 74
130 164
130 350
130 212
130 37
130 213
130 352
130 133
130 82
130 150
130 336
130 303
130 356
130 188
130 368
130 234
130 258
130 14
130 211
130 60
130 304
130 347
130 315
130 281
130 267
130 48
130 190
130 305
130 100
130 149
130 138
130 282
130 39
130 157
130 262
130 130
130 328
130 199
130 85
130 144
130 55
130 370
130 84
130 203
130 107
130 241
130 230
130 367
130 36
130 132
130 93
130 183
130 91
130 373
130 137
130 232
130 166
130 81
130 32
130 249
130 2
130 67
130 326
130 43
130 79
130 41
130 90
130 247
130 322
130 337
130 120
130 296
130 66
130 279
130 151
130 12
130 268
130 176
130 260
130 111
130 316
130 277
130 259
130 58
130 25
130 10
130 15
130 59
130 300
130 215
130 124
130 142
130 329
130 339
130 196
130 238
130 13
130 298
130 371
130 147
130 225
130 283
130 88
130 24
130 314
130 348
130 148
130 306
130 69
130 197
130 163
130 333
130 289
130 246
130 295
130 31
130 226
130 8
130 362
130 257
-1 366
130 208
130 140
130 218
130 291
130 287
130 165
130 355
130 237
130 95
130 80
130 363
130 16
130 332
130 233
130 302
130 194
130 364
130 327
130 264
130 152
130 216
130 61
130 146
130 286
130 284
130 341
130 272
130 191
130 349
130 20
130 62
130 343
130 99
130 78
130 53
130 220
130 250
130 201
130 50
130 377
130 299
130 181
130 47
130 162
130 374
130 255
130 159
130 52
130 266
130 204
130 123
130 184
130 121
130 9
130 334
130 312
130 35
130 83
130 189
130 372
130 335
130 179
130 263
130 253
130 72
130 369
130 158
130 236
130 252
130 342
130 353
130 209
130 101
130 202
130 116
130 248
130 270
130 44
130 254
130 89
130 127
130 228
130 42
130 172
130 317
130 290
130 45
130 155
130 261
130 219
130 139
130 6
130 51
130 131
130 117
130 307
130 64
130 169
130 135
130 57
130 310
130 331
130 33
130 319
130 361
130 242
130 297
130 102
130 214
130 19
130 320
130 344
130 73
130 245
130 265
130 358
130 323
130 3
130 105
130 171
130 288
130 153
130 275
130 76
130 112
130 324
130 1
130 170
130 276
130 129
130 38
130 106
130 18
130 365
130 256
130 325
130 243
130 229
130 27
130 17
130 285
130 26
130 29
130 193
130 192
130 30
130 28
130 231
130 308
130 244
130 180
130 98
130 379
130 346
130 0
130 182
130 221
130 118
130 330
130 125
130 87
130 97
130 185
130 311
130 269
130 175
130 49
130 168
130 115
130 23
130 173
130 360
130 235
130 278
130 292
130 21
130 178
130 5
130 141
130 309
130 40
130 154
130 77
130 108
130 75
130 110
130 54
130 200
130 177
130 357
130 375
130 104
130 251
130 7
130 227
130 318
130 313
130 239
130 114
130 345
130 156
130 103
130 136
130 119
130 198
130 86
130 65
130 274
130 143
130 271
130 161
130 205
130 240
130 187
130 222
130 70
130 113
130 126
130 160
130 22
130 122
130 186
130 206
130 46
130 217
130 145
130 207
130 223
130 94
130 294
130 195
130 378
130 359
130 128
130 340
130 376
130 301
130 351
130 109
130 273
130 210
130 11
130 96
130 354
130 224
130 92
130 134
130 63
130 68
130 321
