25

477 6 75 39
16 30 25 67
66 7 34 4
22 32 63 57
55 48 63 77
1 8 94 9
13 64 72 24

658 2 86 61
92 66 15 13
48 26 9 27

298 2 14 65
52 42 30 81
87 75 4 34

821 6 5 25
62 31 46 45
84 9 68 95
18 67 94 85
39 98 96 13
57 16 88 75
34 82 85 86

209 5 31 21
90 7 100 18
67 25 94 3
73 50 27 1
61 85 25 40
89 33 9 79

661 7 74 97
39 76 15 83
47 82 85 84
13 88 25 52
13 96 73 44
30 73 98 72
3 64 32 29
45 55 42 10

40 4 86 23
25 5 24 30
50 92 30 100
68 31 54 69
7 71 92 14

375 5 60 67
63 33 36 18
14 1 9 41
83 24 69 54
6 3 67 11
3 93 29 54

422 7 13 33
26 9 47 4
53 26 86 49
69 18 23 66
2 82 99 37
12 97 36 2
1 86 97 28
1 41 60 68

192 10 58 50
66 1 88 83
6 49 39 87
3 16 100 83
10 11 64 25
72 49 34 64
88 68 68 10
7 37 29 56
37 90 60 70
100 82 19 60
98 32 70 34

322 9 41 4
83 86 26 44
81 72 33 69
41 57 94 82
36 37 2 38
65 43 73 72
84 68 61 18
25 74 32 97
99 97 24 63
57 91 88 49

483 8 6 56
70 40 97 46
47 43 26 47
91 80 6 97
57 22 10 90
94 51 47 10
65 32 85 53
58 42 65 52
18 32 61 76

861 1 31 9
77 74 59 63

419 4 77 11
89 8 88 16
99 76 35 29
43 14 44 26
30 43 93 31

423 6 52 43
11 84 74 69
80 68 98 19
10 5 39 27
50 40 80 56
71 81 99 77
41 86 38 37

269 3 22 38
71 3 99 35
31 12 12 63
85 28 69 10

303 7 95 30
60 31 43 93
92 79 49 25
26 41 98 94
57 44 98 79
99 13 82 84
41 51 50 29
98 19 91 46

227 7 57 9
17 38 5 60
25 32 72 11
66 94 29 58
49 93 86 100
43 55 46 31
66 77 88 37
3 87 92 32

300 5 52 87
99 70 96 24
37 74 33 36
75 83 100 7
94 64 13 90
81 51 78 80

716 2 72 76
22 11 62 11
71 48 26 83

331 3 44 79
39 45 24 73
97 77 7 27
56 36 33 75

58 8 21 23
7 34 6 74
27 43 68 35
98 75 27 46
97 41 97 77
69 80 62 75
35 74 56 74
12 61 45 16
15 68 10 53

16 7 72 78
69 90 32 44
93 3 93 55
55 43 70 16
50 93 4 4
35 86 78 77
31 61 47 77
98 1 65 69

464 9 88 13
12 2 25 57
98 3 85 24
2 56 50 7
13 17 87 9
10 30 14 9
18 87 65 59
72 97 20 76
56 12 71 98
88 84 63 8

19 1 60 35
47 5 5 69
